0.911496639252,0.0108574982733,3.12625002861,273.9559021
0.891083836555,0.01215024665,-3.13596630096,273.980224609
0.870364546776,0.0127180702984,-3.11619567871,274.007965088
0.849705278873,0.012825245969,-3.09693360329,274.031646729
0.828997135162,0.0122442888096,-3.07721662521,274.056335449
0.808118462563,0.0114397071302,-3.05638504028,274.080688477
0.787158608437,0.010066093877,-3.03705000877,274.104003906
0.766196787357,0.00870086159557,-3.01587796211,274.128814697
0.74510204792,0.00637799454853,-2.99580168724,274.153137207
0.72437620163,0.00321981683373,-2.97723722458,274.176849365
0.703599870205,0.000286136841169,-2.95774745941,274.205657959
0.672310233116,-0.0044318549335,-2.92606019974,274.23135376
0.651118576527,-0.00844717770815,-2.90572309494,274.269775391
0.630654215813,-0.0130056226626,-2.88668322563,274.296112061
0.60974919796,-0.0177776366472,-2.86708116531,274.323150635
0.588830173016,-0.0229410063475,-2.84483265877,274.347595215
0.56800276041,-0.0281620007008,-2.82434201241,274.372344971
0.547274529934,-0.0339680835605,-2.80161356926,274.396331787
0.527001917362,-0.0406079925597,-2.78224015236,274.420166016
0.506788253784,-0.0479815118015,-2.76243686676,274.444213867
0.486499726772,-0.0555727407336,-2.74228787422,274.467803955
0.46599560976,-0.0630728825927,-2.72019481659,274.492889404
0.446152865887,-0.0712413489819,-2.69985556602,274.518890381
0.426165431738,-0.0798211991787,-2.67901277542,274.543884277
0.406137824059,-0.0884663984179,-2.65698766708,274.567932129
0.377089381218,-0.102816604078,-2.62745976448,274.59463501
0.348201423883,-0.118143357337,-2.59501004219,274.639770508
0.329013437033,-0.128689810634,-2.57415676117,274.674407959
0.301000446081,-0.145142585039,-2.54410672188,274.707366943
0.273349642754,-0.162467673421,-2.51103115082,274.732025146
0.255578309298,-0.175017267466,-2.49125003815,274.773895264
0.237535908818,-0.187564462423,-2.47016310692,274.79876709
0.211419016123,-0.207749217749,-2.43998479843,274.823547363
0.185898050666,-0.228066638112,-2.40892982483,274.860748291
0.128427565098,-0.278858602047,-2.33514738083,274.895080566
0.112605556846,-0.293985813856,-2.31372857094,274.987823486
0.0746197625995,-0.333599358797,-2.25850963593,275.011169434
0.0599674843252,-0.350078642368,-2.23733782768,275.075317383
0.0316068269312,-0.383989423513,-2.19405794144,275.098999023
0.0180397201329,-0.401742637157,-2.1721072197,275.149230957
-0.00135219062213,-0.429016530514,-2.14059686661,275.172515869
-0.0141413044184,-0.447115987539,-2.11880970001,275.202148438
-0.0261492617428,-0.465816468,-2.0982260704,275.228790283
-0.0380782783031,-0.484377384186,-2.07645559311,275.260223389
-0.0494715683162,-0.503556847572,-2.05531644821,275.284667969
-0.065647341311,-0.532662212849,-2.0235657692,275.315368652
-0.0758610889316,-0.552438139915,-2.00150465965,275.339996338
-0.0858046188951,-0.572452425957,-1.98029887676,275.364135742
-0.0955805182457,-0.592797935009,-1.95826303959,275.388458252
-0.100201152265,-0.602778375149,-1.94625675678,275.411773682
-0.108952209353,-0.623357653618,-1.92560553551,275.436767578
-0.117504417896,-0.643970072269,-1.90308785439,275.461791992
-0.12572722137,-0.664768278599,-1.88115513325,275.485717773
-0.13264875114,-0.685910761356,-1.86142194271,275.509521484
-0.139126032591,-0.707405865192,-1.84112143517,275.532775879
-0.149184703827,-0.739502370358,-1.80851113796,275.564086914
-0.152488693595,-0.750146090984,-1.79727470875,275.588592529
-0.158701077104,-0.772028744221,-1.77520358562,275.608673096
-0.165484115481,-0.804690122604,-1.74380862713,275.636932373
-0.169781833887,-0.82671636343,-1.72243118286,275.664428711
-0.174321651459,-0.848809242249,-1.69965469837,275.688720703
-0.176233515143,-0.859797596931,-1.68896651268,275.712127686
-0.17965041101,-0.882149040699,-1.66770529747,275.735870361
-0.183152928948,-0.915516495705,-1.63545298576,275.767669678
-0.185291096568,-0.937832415104,-1.61289703846,275.791351318
-0.187082871795,-0.960119962692,-1.59165203571,275.815612793
-0.188204705715,-0.982555925846,-1.57119762897,275.83984375
-0.189164742827,-1.01613223553,-1.53984081745,275.875976562
-0.189314395189,-1.03842782974,-1.51712238789,275.901947021
-0.189165875316,-1.04971683025,-1.50699067116,275.923828125
-0.188319906592,-1.07205820084,-1.48465561867,275.948394775
-0.186825737357,-1.09434127808,-1.46359348297,275.972015381
-0.185176044703,-1.11663293839,-1.44151568413,275.995849609
-0.182948172092,-1.13916838169,-1.41915225983,276.020996094
-0.1802508533,-1.16117691994,-1.39923346043,276.044769287
-0.176926970482,-1.18379127979,-1.37788188457,276.073638916
-0.173068255186,-1.20574176311,-1.35752403736,276.097320557
-0.167094558477,-1.23889505863,-1.32494330406,276.123535156
-0.162429004908,-1.2608859539,-1.3027369976,276.15057373
-0.157326310873,-1.2829105854,-1.27919924259,276.176544189
-0.151712745428,-1.30428695679,-1.25801479816,276.208587646
-0.145475998521,-1.32603859901,-1.23597216606,276.232421875
-0.138593256474,-1.34738075733,-1.21385705471,276.256164551
-0.131386220455,-1.36849188805,-1.19276154041,276.28012085
-0.123789951205,-1.38957178593,-1.1726680994,276.303894043
-0.115812398493,-1.41039049625,-1.15150368214,276.328338623
-0.107825763524,-1.43140590191,-1.12952566147,276.352508545
-0.0990778580308,-1.45231974125,-1.10800111294,276.380767822
-0.0896147564054,-1.47264957428,-1.08699715137,276.407653809
-0.079157307744,-1.4926109314,-1.06681084633,276.431762695
-0.06889359653,-1.51289319992,-1.04250454903,276.455871582
-0.0577037110925,-1.53231394291,-1.02142703533,276.483764648
-0.0461827851832,-1.55214965343,-0.998954713345,276.508300781
-0.0342153832316,-1.57144093513,-0.976617097855,276.532043457
-0.0222688540816,-1.59066104889,-0.95238083601,276.555908203
-0.00285707996227,-1.61887943745,-0.91908198595,276.59185791
0.0105289667845,-1.63752627373,-0.898158192635,276.616363525
0.0241490062326,-1.6559343338,-0.876035273075,276.643463135
0.0380718223751,-1.67416059971,-0.854725420475,276.667694092
0.0525323078036,-1.69216167927,-0.832344770432,276.691986084
0.0675062313676,-1.70969438553,-0.81032627821,276.716033936
0.082885466516,-1.72689282894,-0.788417518139,276.747528076
0.0991721898317,-1.74321770668,-0.766998648643,276.771850586
0.115664750338,-1.75949621201,-0.746871292591,276.796112061
0.132333889604,-1.77550327778,-0.724300146103,276.819976807
0.149469956756,-1.79132914543,-0.701796412468,276.847900391
0.167215764523,-1.8065199852,-0.681255102158,276.871948242
0.184860691428,-1.8218152523,-0.65689021349,276.895477295
0.202780470252,-1.83680379391,-0.636337161064,276.920684814
0.221316322684,-1.85130047798,-0.613134324551,276.94442749
0.24979352951,-1.87247276306,-0.579549372196,276.967926025
0.25982105732,-1.87937378883,-0.566934704781,276.998168945
0.288850098848,-1.89976167679,-0.53265786171,277.027008057
0.30920496583,-1.91252636909,-0.50887542963,277.051818848
0.329515397549,-1.92462050915,-0.487957537174,277.076599121
0.339386671782,-1.93053805828,-0.476270467043,277.100585938
0.36053198576,-1.94212520123,-0.452164679766,277.124542236
0.381076127291,-1.95289170742,-0.428902119398,277.148468018
0.412628352642,-1.9689142704,-0.392609298229,277.172698975
0.434261262417,-1.97815835476,-0.372428029776,277.201690674
0.523220539093,-2.01214408875,-0.277888804674,277.312072754
0.546301662922,-2.01910018921,-0.256174117327,277.336242676
0.569296181202,-2.02609753609,-0.232436493039,277.36026001
0.603938639164,-2.03509092331,-0.201190963387,277.395782471
0.627313494682,-2.04065060616,-0.175202250481,277.42175293
0.6501262784,-2.04576921463,-0.15040795505,277.449798584
0.673285067081,-2.04878020287,-0.130662560463,277.473236084
0.696748495102,-2.05278348923,-0.106984429061,277.5
0.720114350319,-2.05610752106,-0.0844994261861,277.523986816
0.743651390076,-2.0588965416,-0.0618371218443,277.548248291
0.767001450062,-2.06148529053,-0.0384346172214,277.572998047
0.790540337563,-2.06294369698,-0.0160436108708,277.596557617
0.814249813557,-2.06396651268,0.0056312577799,277.620239258
0.837664365768,-2.06452131271,0.0283393058926,277.644592285
0.861459612846,-2.06463384628,0.0520361997187,277.668487549
0.884417295456,-2.06375312805,0.0742843076587,277.6925354
0.908105611801,-2.06304740906,0.0995621606708,277.716400146
0.931842327118,-2.06174612045,0.123419634998,277.740753174
0.95559835434,-2.05897569656,0.144936949015,277.764526367
0.97880923748,-2.05632066727,0.165866792202,277.788574219
1.00214207172,-2.05385732651,0.191666170955,277.815093994
1.02571690083,-2.04960942268,0.213935256004,277.840332031
1.04893517494,-2.04554963112,0.236582398415,277.864044189
1.07244956493,-2.04099011421,0.259159088135,277.890625
1.09459388256,-2.03550958633,0.281311631203,277.921173096
1.11710822582,-2.02959990501,0.305742263794,277.945495605
1.13996469975,-2.02263832092,0.325769335032,277.968566895
1.16202807426,-2.01528024673,0.348586261272,277.996063232
1.18434512615,-2.0088968277,0.372920364141,278.02154541
1.20661056042,-2.00138735771,0.39642816782,278.045043945
1.22895729542,-1.99246108532,0.410138696432,278.070587158
1.25021064281,-1.98393678665,0.439357638359,278.09475708
1.27193760872,-1.97478747368,0.461564064026,278.122802734
1.29301059246,-1.96474730968,0.482224971056,278.147064209
1.31453955173,-1.95491027832,0.503686845303,278.173706055
1.34540987015,-1.9382225275,0.535599708557,278.201293945
1.3555419445,-1.93271613121,0.547731161118,278.225616455
1.39664685726,-1.90879201889,0.5910602808,278.264678955
1.40819764137,-1.90204322338,0.601188600063,278.287353516
1.42694306374,-1.88978636265,0.625371277332,278.309051514
1.44626450539,-1.87656879425,0.648229300976,278.333282471
1.46481883526,-1.86254549026,0.671424269676,278.358215332
1.48431420326,-1.84904956818,0.694405913353,278.384338379
1.50302040577,-1.8346760273,0.71633541584,278.408599854
1.5212470293,-1.82006347179,0.738928973675,278.428924561
1.53045332432,-1.81301951408,0.751680195332,278.450805664
1.54868471622,-1.79794859886,0.775264918804,278.475799561
1.5661137104,-1.78220689297,0.797799885273,278.496307373
1.58332753181,-1.7662987709,0.822251558304,278.522827148
1.59951472282,-1.7496380806,0.84409737587,278.547668457
1.61567056179,-1.73257362843,0.866516172886,278.571472168
1.63112688065,-1.71474802494,0.888514101505,278.595550537
1.64586436749,-1.6967959404,0.911003470421,278.624389648
1.66807186604,-1.67029702663,0.945672631264,278.648376465
1.68275821209,-1.65199446678,0.970016002655,278.677001953
1.68932127953,-1.64236879349,0.979461193085,278.697113037
1.70230221748,-1.62350392342,0.999662399292,278.721435547
1.71478557587,-1.60251402855,1.0253443718,278.741790771
1.72194886208,-1.59460365772,1.03470981121,278.763183594
1.7351360321,-1.57568621635,1.05708646774,278.784790039
1.75295853615,-1.54582548141,1.08798122406,278.805328369
1.76369678974,-1.52573871613,1.10966920853,278.841033936
1.76894283295,-1.51571977139,1.11773812771,278.861419678
1.77917957306,-1.49515759945,1.14085638523,278.88470459
1.78982055187,-1.47464978695,1.16450738907,278.908569336
1.79927539825,-1.45413482189,1.18629801273,278.93359375
1.80820786953,-1.43323481083,1.20756947994,278.959106445
1.81665468216,-1.4122710228,1.22751963139,278.984222412
1.8254557848,-1.39119160175,1.24880719185,279.008331299
1.83707726002,-1.35900640488,1.27880871296,279.039367676
1.84433829784,-1.33753347397,1.29965865612,279.065032959
1.85176861286,-1.31594061852,1.32169365883,279.089569092
1.85804879665,-1.29431509972,1.34108066559,279.11630249
1.86414253712,-1.27219974995,1.36215829849,279.145996094
1.86942076683,-1.25000572205,1.38435471058,279.170959473
1.87414371967,-1.22857642174,1.40593731403,279.195648193
1.88004827499,-1.207426548,1.43603277206,279.220855713
1.88320839405,-1.18509066105,1.45288002491,279.24420166
1.88644587994,-1.16228556633,1.47739505768,279.266143799
1.88921129704,-1.139950037,1.4961591959,279.290130615
1.89172530174,-1.11785674095,1.51719510555,279.314208984
1.89442431927,-1.09561300278,1.53986847401,279.343933105
1.89655852318,-1.07295155525,1.56347978115,279.36895752
1.89674317837,-1.05010342598,1.58076798916,279.39541626
1.89873814583,-1.02812671661,1.60704910755,279.420410156
1.8984991312,-1.00583481789,1.62491035461,279.440917969
1.8982115984,-0.982944846153,1.64886212349,279.464904785
1.89691460133,-0.960391044617,1.66964828968,279.489776611
1.89487493038,-0.938318014145,1.68650889397,279.51385498
1.89488101006,-0.927845060825,1.70109915733,279.536071777
1.89199960232,-0.904691278934,1.72328531742,279.559234619
1.88941991329,-0.883057177067,1.74204981327,279.579345703
1.88623738289,-0.860709369183,1.76397120953,279.601928711
1.88468372822,-0.849716544151,1.77477347851,279.625671387
1.88088870049,-0.827546834946,1.79777812958,279.647399902
1.8767888546,-0.805382907391,1.82050716877,279.667388916
1.87455523014,-0.794812440872,1.82905089855,279.687408447
1.86902725697,-0.772746086121,1.84835541248,279.707550049
1.86400616169,-0.75100839138,1.87319922447,279.732208252
1.85783207417,-0.729458451271,1.89547359943,279.763458252
1.85163700581,-0.708053767681,1.9184896946,279.783905029
1.84458601475,-0.686808645725,1.93777441978,279.805725098
1.83763086796,-0.665535926819,1.96294176579,279.826538086
1.82897031307,-0.644942045212,1.98120033741,279.853271484
1.82075953484,-0.623775720596,2.0043027401,279.884918213
1.81251573563,-0.603574514389,2.02647471428,279.912078857
1.79886138439,-0.573580145836,2.06035900116,279.936706543
1.78843426704,-0.553475618362,2.07902288437,279.966156006
1.77783644199,-0.533808469772,2.1001033783,279.989196777
1.77265453339,-0.523822128773,2.11207509041,280.013061523
1.76184737682,-0.504508793354,2.13282895088,280.032897949
1.75015735626,-0.485651999712,2.15379357338,280.056121826
1.74465882778,-0.476173698902,2.16500592232,280.07623291
1.72631824017,-0.448145806789,2.19616365433,280.101470947
1.7202603817,-0.438992142677,2.20704817772,280.121734619
1.70756709576,-0.42058262229,2.22921872139,280.147369385
1.69435679913,-0.402745038271,2.24984192848,280.171417236
1.68054485321,-0.384966909885,2.27042889595,280.196685791
1.66650819778,-0.367494523525,2.2921090126,280.2215271
1.64499080181,-0.341586381197,2.32388091087,280.251403809
1.6300829649,-0.325002223253,2.34314489365,280.276611328
1.62297260761,-0.316608816385,2.35508203506,280.30065918
1.6073294878,-0.300338178873,2.37480258942,280.324279785
1.59130370617,-0.284592956305,2.39598155022,280.347229004
1.57538676262,-0.268703967333,2.4180753231,280.371765137
1.55920958519,-0.253264904022,2.43883371353,280.39151001
1.5427441597,-0.2376742661,2.46094441414,280.41607666
1.52547490597,-0.222930371761,2.48098921776,280.440185547
1.5083245039,-0.208557531238,2.50399041176,280.46673584
1.4906116724,-0.19479483366,2.52588057518,280.49105835
1.48152554035,-0.187704145908,2.53648805618,280.511169434
1.45410883427,-0.167974516749,2.56995630264,280.541900635
1.43567848206,-0.155074626207,2.59258508682,280.570800781
1.41706097126,-0.142670333385,2.61423659325,280.593688965
1.39791929722,-0.13076852262,2.63515377045,280.619720459
1.3787894249,-0.11882314831,2.65799736977,280.644378662
1.35893130302,-0.107566602528,2.68011951447,280.667938232
1.33957326412,-0.0965883359313,2.70304441452,280.695587158
1.31937670708,-0.0865500643849,2.72589063644,280.719482422
1.29908871651,-0.0766850709915,2.74799251556,280.742767334
1.27867269516,-0.067608691752,2.76933383942,280.767303467
1.25795412064,-0.0587264671922,2.7901892662,280.795776367
1.23673689365,-0.0504185929894,2.81232213974,280.819641113
1.21583652496,-0.043093111366,2.83181786537,280.84362793
1.19423353672,-0.0353262275457,2.85537171364,280.86730957
1.17271757126,-0.0282823909074,2.8766746521,280.891998291
1.15077710152,-0.0215798430145,2.89778542519,280.916046143
1.12901186943,-0.0159523487091,2.9173579216,280.940429688
1.10662746429,-0.0103583764285,2.94029664993,280.964752197
1.08480274677,-0.00510959420353,2.96094346046,280.99230957
1.06206572056,-0.000777199864388,2.98091459274,281.016815186
1.03973770142,0.00363467773423,3.00332283974,281.040496826
1.01747119427,0.00736808171496,3.02492666245,281.066101074
0.994832456112,0.0105776945129,3.04634308815,281.094482422
0.972247958183,0.0136213637888,3.07057523727,281.114898682
0.960831880569,0.0147959887981,3.0821890831,281.135467529
0.938307642937,0.0165304113179,3.10409784317,281.159515381
0.915840268135,0.0173816177994,3.12505602837,281.183837891
0.893333435059,0.0188527815044,-3.13565540314,281.205657959
0.881868481636,0.0193153917789,-3.12477827072,281.225769043
0.858817338943,0.0198655761778,-3.1033141613,281.249145508
0.83618503809,0.0194859430194,-3.08293175697,281.273132324
0.813369214535,0.0186902731657,-3.06112980843,281.296691895
0.790498912334,0.0173989702016,-3.03894758224,281.320343018
0.767674148083,0.0161263160408,-3.01528477669,281.340759277
0.756217956543,0.0150253186002,-3.00439882278,281.361022949
0.733482062817,0.0120907863602,-2.98249673843,281.38772583
0.710988879204,0.00894727464765,-2.96079516411,281.412628174
0.688515484333,0.00538628641516,-2.93865036964,281.436584473
0.665722370148,0.00097903131973,-2.91838264465,281.463439941
0.643386781216,-0.00354733015411,-2.89600276947,281.483825684
0.621014118195,-0.00849048420787,-2.87536525726,281.50402832
0.598705530167,-0.0138087254018,-2.85437560081,281.529663086
0.576076626778,-0.0190762393177,-2.83047866821,281.553344727
0.554007649422,-0.025267470628,-2.80857038498,281.57723999
0.532544612885,-0.0323186144233,-2.78616905212,281.611480713
0.510948061943,-0.0397204682231,-2.76468014717,281.635681152
0.489268392324,-0.0474657304585,-2.74155092239,281.656188965
0.467621803284,-0.0554980076849,-2.71915340424,281.679870605
0.446664452553,-0.0644150972366,-2.6983063221,281.705963135
0.435979634523,-0.0687603279948,-2.68716883659,281.726104736
0.415158420801,-0.0783222019672,-2.66582798958,281.746063232
0.394227683544,-0.0881246179342,-2.64439964294,281.766204834
0.374070078135,-0.0985599532723,-2.62375307083,281.791900635
0.353669047356,-0.10934407264,-2.60253977776,281.81640625
0.343582123518,-0.114709883928,-2.59133052826,281.836242676
0.323367118835,-0.125894159079,-2.56989097595,281.856170654
0.303674578667,-0.137582182884,-2.54953575134,281.879150391
0.283950209618,-0.149142324924,-2.52590465546,281.903747559
0.264771401882,-0.161919772625,-2.50419640541,281.928497314
0.24636991322,-0.174935430288,-2.48172187805,281.952606201
0.227656543255,-0.188418135047,-2.45945572853,281.979003906
0.209525689483,-0.202633559704,-2.43827533722,282.004577637
0.191741749644,-0.216650158167,-2.41595244408,282.028717041
0.174102157354,-0.231462746859,-2.3950445652,282.052459717
0.165517225862,-0.238842457533,-2.38432741165,282.076324463
0.140028789639,-0.261869937181,-2.3524851799,282.100524902
0.13154424727,-0.269426703453,-2.34041500092,282.125854492
0.114964358509,-0.284765005112,-2.31754684448,282.149475098
0.0986240431666,-0.300931155682,-2.29522943497,282.169769287
0.0828345641494,-0.317664027214,-2.27280330658,282.189605713
0.0672793239355,-0.33448818326,-2.25067520142,282.21862793
0.0597806870937,-0.342993617058,-2.23864483833,282.238739014
0.0450119413435,-0.36033064127,-2.21591758728,282.261535645
0.0307019073516,-0.378120452166,-2.19347333908,282.285430908
0.0168285798281,-0.396494209766,-2.17251563072,282.309997559
0.00338079943322,-0.415132910013,-2.14993882179,282.330383301
-0.0098578305915,-0.433842658997,-2.12812304497,282.355133057
-0.0225906819105,-0.452666372061,-2.10540509224,282.387817383
-0.0349696576595,-0.47192260623,-2.08415460587,282.412475586
-0.0469833128154,-0.491442322731,-2.06265187263,282.436340332
-0.0582371875644,-0.511418759823,-2.04130291939,282.46005249
-0.0695831850171,-0.5314219594,-2.01898026466,282.483734131
-0.0802212506533,-0.55189871788,-1.99591636658,282.508148193
-0.090054102242,-0.572597920895,-1.97458612919,282.532409668
-0.099795460701,-0.593654811382,-1.95193862915,282.553192139
-0.108947888017,-0.61450368166,-1.92951250076,282.577392578
-0.117607101798,-0.635412931442,-1.90792381763,282.600250244
-0.12187770009,-0.646280944347,-1.89663124084,282.62612915
-0.130021229386,-0.667541086674,-1.87415313721,282.647155762
-0.136967539787,-0.689242482185,-1.85375773907,282.667694092
-0.14023680985,-0.700296938419,-1.8433971405,282.687652588
-0.146891117096,-0.722457587719,-1.82136118412,282.71105957
-0.153624549508,-0.744375705719,-1.79890835285,282.735809326
-0.160223141313,-0.766595840454,-1.77620637417,282.759979248
-0.165336355567,-0.788808226585,-1.75488781929,282.784729004
-0.17195084691,-0.822888493538,-1.72272205353,282.814300537
-0.174120888114,-0.834092915058,-1.71072518826,282.837585449
-0.178126215935,-0.856579065323,-1.68890595436,282.861022949
-0.181531012058,-0.879270076752,-1.6671487093,282.885681152
-0.185601264238,-0.913424432278,-1.63528060913,282.911560059
-0.187859117985,-0.936210036278,-1.61065948009,282.93963623
-0.189313650131,-0.958942294121,-1.58898901939,282.964202881
-0.189788430929,-0.970430612564,-1.57824587822,282.988372803
-0.190798535943,-0.993139564991,-1.55691480637,283.012817383
-0.191438928246,-1.01615655422,-1.53572452068,283.036773682
-0.19139239192,-1.0389289856,-1.51340639591,283.057983398
-0.19044829905,-1.06178915501,-1.49248802662,283.080596924
-0.189145237207,-1.08420205116,-1.46980881691,283.1015625
-0.188359931111,-1.09578073025,-1.46005582809,283.125
-0.186734750867,-1.11854350567,-1.4370868206,283.148376465
-0.184574276209,-1.14144492149,-1.41417360306,283.172027588
-0.181767314672,-1.16407287121,-1.39284312725,283.195343018
-0.178195789456,-1.18670725822,-1.37173509598,283.219512939
-0.174316480756,-1.20923423767,-1.34977841377,283.246032715
-0.170256212354,-1.23157441616,-1.32716488838,283.273803711
-0.165674462914,-1.25391674042,-1.30453169346,283.294799805
-0.160319402814,-1.27627539635,-1.28157758713,283.315216064
-0.154637262225,-1.2983199358,-1.25980114937,283.344909668
-0.148322492838,-1.32044863701,-1.23838460445,283.366485596
-0.141366392374,-1.34202468395,-1.21688497066,283.389770508
-0.137624874711,-1.35270118713,-1.20660805702,283.411071777
-0.13027434051,-1.37402451038,-1.18599927425,283.437286377
-0.122536636889,-1.39559090137,-1.1640791893,283.461425781
-0.11452279985,-1.4168047905,-1.14062178135,283.482543945
-0.10603171587,-1.43816304207,-1.11894214153,283.505554199
-0.0970108807087,-1.45891237259,-1.09749937057,283.527099609
-0.092170715332,-1.46927773952,-1.08722949028,283.5496521
-0.0820726975799,-1.48971939087,-1.06496608257,283.574279785
-0.0713581591845,-1.51018941402,-1.03991043568,283.599700928
-0.0595801733434,-1.52969098091,-1.01990878582,283.62387085
-0.0421121418476,-1.55916523933,-0.987015247345,283.652557373
-0.0298638567328,-1.57860743999,-0.964882433414,283.678771973
-0.017378821969,-1.59807085991,-0.940949857235,283.705657959
-0.00414848141372,-1.61711668968,-0.918493032455,283.733428955
0.00913166441023,-1.63589608669,-0.89545917511,283.760192871
0.0229078792036,-1.65469241142,-0.872828781605,283.784484863
0.0371069610119,-1.6730735302,-0.850946962833,283.811706543
0.0517344623804,-1.69136917591,-0.82700073719,283.837768555
0.0668568462133,-1.70904016495,-0.804787397385,283.859741211
0.0825350433588,-1.72605741024,-0.782538354397,283.884674072
0.0991847738624,-1.74233198166,-0.762811243534,283.912597656
0.116083815694,-1.75835371017,-0.742724061012,283.936950684
0.132975697517,-1.77424323559,-0.720771372318,283.96005249
0.150217875838,-1.79039347172,-0.6979367733,283.984283447
0.168076857924,-1.80593931675,-0.67811435461,284.008666992
0.195225119591,-1.82890820503,-0.641845583916,284.038452148
0.21366392076,-1.84387516975,-0.61861795187,284.064208984
0.222763389349,-1.85076332092,-0.608010411263,284.088012695
0.242085903883,-1.86453032494,-0.587346851826,284.109619141
0.261800199747,-1.8793336153,-0.560738861561,284.131347656
0.291126191616,-1.89906811714,-0.527580976486,284.165557861
0.301109522581,-1.90512132645,-0.516795039177,284.187530518
0.321477234364,-1.91774499416,-0.492224752903,284.211639404
0.352463930845,-1.9352657795,-0.463718801737,284.236175537
0.373381763697,-1.9464956522,-0.437510460615,284.267852783
0.384045600891,-1.95212638378,-0.424904257059,284.287841797
0.405203133821,-1.96283710003,-0.400620520115,284.308624268
0.427018672228,-1.97295475006,-0.37544003129,284.328765869
0.448977023363,-1.98213708401,-0.353193819523,284.351531982
0.471146136522,-1.99116635323,-0.329191118479,284.383087158
0.493533283472,-1.99926650524,-0.306734919548,284.409667969
0.516014754772,-2.00712108612,-0.284266084433,284.435119629
0.550087213516,-2.01760816574,-0.250440627337,284.461791992
0.572835862637,-2.02416396141,-0.22721286118,284.486968994
0.596013128757,-2.03000807762,-0.203845530748,284.516143799
0.619772493839,-2.03658652306,-0.1778883636,284.54473877
0.643024981022,-2.04161906242,-0.155200645328,284.569152832
0.666201293468,-2.045586586,-0.133186146617,284.596984863
0.701357603073,-2.05141067505,-0.0977951437235,284.62789917
0.725128173828,-2.05400180817,-0.078180141747,284.652618408
0.748717486858,-2.056235075,-0.0562503784895,284.677612305
0.772076785564,-2.05859851837,-0.0295917000622,284.703521729
0.79551243782,-2.06041026115,-0.00868608895689,284.73046875
0.818892300129,-2.06088590622,0.0124837961048,284.754058838
0.843103587627,-2.06159996986,0.0367541536689,284.775848389
0.878181576729,-2.06090259552,0.0715257152915,284.814941406
0.901975750923,-2.05996584892,0.0950026810169,284.842163086
0.91376042366,-2.05944681168,0.106182955205,284.863525391
0.949363589287,-2.05646204948,0.141159579158,284.886810303
0.97259914875,-2.05383467674,0.162720575929,284.916625977
0.996088027954,-2.05079722404,0.185246154666,284.941467285
1.00811970234,-2.0491900444,0.194628342986,284.963500977
1.03126311302,-2.04546952248,0.221369937062,284.983795166
1.05436360836,-2.04075455666,0.243826746941,285.00692749
1.07771170139,-2.03581118584,0.266381680965,285.031402588
1.11170315742,-2.02726984024,0.301142662764,285.055786133
1.13480770588,-2.02116632462,0.324282228947,285.09286499
1.15703392029,-2.01372885704,0.346841007471,285.116027832
1.16780281067,-2.00997948647,0.356546223164,285.136260986
1.19003629684,-2.00304913521,0.379225641489,285.159698486
1.22365176678,-1.99052703381,0.413254201412,285.191741943
1.24518370628,-1.98191165924,0.435422718525,285.216583252
1.26699280739,-1.97304427624,0.457783520222,285.240539551
1.28834700584,-1.9630010128,0.479717880487,285.264373779
1.29908883572,-1.95810842514,0.49031740427,285.285888672
1.32051861286,-1.94807064533,0.513496398926,285.309295654
1.34104537964,-1.93665802479,0.536048650742,285.333740234
1.36156702042,-1.9254322052,0.557509303093,285.357391357
1.38204431534,-1.91310203075,0.579554200172,285.38381958
1.40203404427,-1.90060305595,0.60020840168,285.408203125
1.42205715179,-1.88818573952,0.623663008213,285.431243896
1.44207143784,-1.8750743866,0.646257519722,285.455200195
1.46135866642,-1.86134636402,0.669675767422,285.480285645
1.48032486439,-1.84718763828,0.690785706043,285.50289917
1.49905252457,-1.83299958706,0.715063273907,285.531616211
1.51732182503,-1.81826877594,0.736408293247,285.555938721
1.53566455841,-1.80368840694,0.761923134327,285.578552246
1.55390489101,-1.78843390942,0.782008647919,285.602416992
1.56244635582,-1.78054821491,0.796194911003,285.622680664
1.57972180843,-1.76484262943,0.821240305901,285.6434021
1.59637761116,-1.74851417542,0.843550503254,285.667602539
1.6043356657,-1.74003040791,0.854439675808,285.687652588
1.61976635456,-1.72226393223,0.875956952572,285.708007812
1.63480043411,-1.7049113512,0.896761715412,285.735565186
1.6499363184,-1.68732631207,0.920365095139,285.760009766
1.66484761238,-1.66939997673,0.944413304329,285.783966064
1.67940855026,-1.65104079247,0.968835055828,285.804077148
1.69249129295,-1.63212549686,0.989906847477,285.826965332
1.69918322563,-1.62246572971,1.00176930428,285.851196289
1.71219885349,-1.60037314892,1.04416191578,285.871429443
1.72490680218,-1.58422517776,1.04682540894,285.895355225
1.73752343655,-1.56464850903,1.06873142719,285.919555664
1.74939155579,-1.54478311539,1.0895588398,285.945159912
1.760455966,-1.5250685215,1.11022365093,285.965240479
1.7653670311,-1.51481103897,1.11998736858,285.987518311
1.77565729618,-1.4943677187,1.14062821865,286.011077881
1.78544473648,-1.47363102436,1.1608376503,286.03427124
1.79560041428,-1.4527605772,1.18436801434,286.057128906
1.80487000942,-1.43239104748,1.20652401447,286.08001709
1.81357455254,-1.4113509655,1.22576129436,286.104217529
1.817735672,-1.40097999573,1.23653125763,286.124176025
1.82584667206,-1.37908649445,1.2578407526,286.147247314
1.83383119106,-1.35788917542,1.27871620655,286.172576904
1.84082877636,-1.33632707596,1.29839611053,286.197509766
1.84818339348,-1.31479227543,1.31979441643,286.222564697
1.8546705246,-1.29309654236,1.33984029293,286.247039795
1.86062836647,-1.27128112316,1.36027193069,286.269134521
1.86595714092,-1.24927699566,1.38277983665,286.292022705
1.87165784836,-1.22790908813,1.40952050686,286.31539917
1.8765515089,-1.20649600029,1.43524503708,286.339416504
1.87950646877,-1.18339347839,1.452070117,286.370178223
1.88254392147,-1.1608825922,1.47271966934,286.395721436
1.8861027956,-1.13895022869,1.49633908272,286.420257568
1.88896512985,-1.11671543121,1.51883947849,286.44442749
1.89150500298,-1.09455120564,1.53969371319,286.468383789
1.89350962639,-1.07196056843,1.56270492077,286.492248535
1.89388215542,-1.04922294617,1.58017766476,286.520385742
1.89547967911,-1.02720141411,1.60639977455,286.544311523
1.89505815506,-1.00435805321,1.62531900406,286.568908691
1.89431273937,-0.981852650642,1.64559471607,286.592956543
1.89387786388,-0.960043251514,1.66688287258,286.622650146
1.8918428421,-0.937754571438,1.68557059765,286.645874023
1.88960325718,-0.915221333504,1.70675444603,286.668457031
1.88759386539,-0.893359422684,1.72849583626,286.692474365
1.88499844074,-0.870968520641,1.75386846066,286.725738525
1.88191556931,-0.849081218243,1.77494621277,286.749237061
1.87834203243,-0.827276110649,1.79705178738,286.772491455
1.87419307232,-0.80495506525,1.8200135231,286.796356201
1.86875545979,-0.783063411713,1.83898735046,286.826416016
1.86135578156,-0.751396298409,1.87177932262,286.849182129
1.85227358341,-0.718748509884,1.90657329559,286.893218994
1.84598231316,-0.697661876678,1.92804706097,286.920776367
1.83883452415,-0.676706731319,1.94826722145,286.944641113
1.82974243164,-0.655598342419,1.96621668339,286.967895508
1.82304656506,-0.634816110134,1.99255597591,286.992492676
1.81468045712,-0.614354908466,2.0137360096,287.016296387
1.80527758598,-0.593869626522,2.03386163712,287.040710449
1.79691672325,-0.573949813843,2.05740308762,287.064422607
1.79127907753,-0.563725948334,2.06578493118,287.088317871
1.78140616417,-0.543957471848,2.08871221542,287.1121521
1.77060103416,-0.524159193039,2.11050629616,287.13583374
1.75943553448,-0.504909992218,2.13198947906,287.158416748
1.74813449383,-0.486141979694,2.15129494667,287.178314209
1.74277770519,-0.476584613323,2.1629793644,287.198822021
1.7307472229,-0.457552522421,2.18392062187,287.220581055
1.71845364571,-0.43913051486,2.20456767082,287.246917725
1.70557010174,-0.421027392149,2.22594428062,287.271209717
1.69231259823,-0.403218477964,2.24562287331,287.294647217
1.67881596088,-0.385307699442,2.26715731621,287.315032959
1.67206072807,-0.376379668713,2.27899646759,287.337890625
1.65794110298,-0.358942687511,2.29970502853,287.36114502
1.64361214638,-0.341787904501,2.32172703743,287.38470459
1.62853622437,-0.325123161077,2.34188127518,287.408782959
1.61334681511,-0.308627903461,2.36300396919,287.432617188
1.59773337841,-0.292617708445,2.38405275345,287.45513916
1.58168399334,-0.276603549719,2.40457940102,287.478851318
1.56577527523,-0.260949850082,2.42581939697,287.502380371
1.54130268097,-0.237510308623,2.45819807053,287.528900146
1.52407002449,-0.222825437784,2.47827291489,287.576293945
1.50702309608,-0.208277970552,2.50132036209,287.600463867
1.48953485489,-0.19438149035,2.52357769012,287.624603271
1.47141587734,-0.180833101273,2.54481077194,287.648529053
1.4438958168,-0.161045223475,2.57853937149,287.675292969
1.42509138584,-0.14838796854,2.60118508339,287.70916748
1.38707590103,-0.123981267214,2.64687275887,287.733642578
1.34804129601,-0.101483479142,2.68969726562,287.789031982
1.32789731026,-0.091101936996,2.71200442314,287.836029053
1.30804824829,-0.0811315998435,2.73336172104,287.860198975
1.2876149416,-0.0713566914201,2.75600028038,287.883789062
1.26701915264,-0.0621542967856,2.77742552757,287.908203125
1.2463132143,-0.0536679625511,2.79843711853,287.931427002
1.22497868538,-0.045714173466,2.82158613205,287.957336426
1.2037011385,-0.0381199717522,2.84275364876,287.982788086
1.18214857578,-0.0307578518987,2.8646736145,288.008758545
1.16018819809,-0.0233978237957,2.88702273369,288.032196045
1.13835167885,-0.0177613031119,2.90701293945,288.05178833
1.12724995613,-0.0149485627189,2.91712260246,288.072875977
1.10495507717,-0.00930880662054,2.93871808052,288.099914551
1.08279657364,-0.00392099330202,2.96064352989,288.123474121
1.06033861637,0.000868016853929,2.98037648201,288.146179199
1.01560175419,0.00867099501193,3.02419304848,288.166473389
1.00439584255,0.0101598463953,3.03440213203,288.214477539
0.970183908939,0.0145410848781,3.06946277618,288.246856689
0.947661042213,0.016816444695,3.0914709568,288.272155762
0.924966990948,0.0184639226645,3.11371922493,288.298797607
0.902273178101,0.0200298912823,3.13705539703,288.323242188
0.879462659359,0.0209416579455,-3.12382435799,288.347930908
0.856518507004,0.02113061212,-3.10335540771,288.368438721
0.83376532793,0.0209886711091,-3.08252048492,288.392150879
0.810930490494,0.0202788766474,-3.06109786034,288.416503906
0.787918269634,0.0191857162863,-3.03881430626,288.44128418
0.765055954456,0.0176556520164,-3.01530385017,288.471893311
0.742387712002,0.0148954773322,-2.99458312988,288.500091553
0.719709396362,0.0116992304102,-2.97287297249,288.524169922
0.696949362755,0.00856676604599,-2.94966101646,288.548339844
0.674448430538,0.00462179258466,-2.9282875061,288.572540283
0.651968717575,0.000371707283193,-2.90660643578,288.597137451
0.629570364952,-0.00445607490838,-2.88552093506,288.620941162
0.606852054596,-0.00963575672358,-2.86428594589,288.644378662
0.584427535534,-0.0148773845285,-2.84102487564,288.670623779
0.562163412571,-0.0204387810081,-2.81767630577,288.695739746
0.54032844305,-0.0269691422582,-2.79566168785,288.71987915
0.518503427505,-0.034271042794,-2.77412414551,288.744812012
0.496804237366,-0.0421176068485,-2.75191736221,288.775695801
0.475328892469,-0.0502746701241,-2.7299284935,288.796112061
0.454058289528,-0.0589404441416,-2.70810246468,288.819976807
0.4329816401,-0.0676347762346,-2.68687272072,288.843383789
0.412006437778,-0.077116176486,-2.66497945786,288.874542236
0.39111328125,-0.0868719220161,-2.64354753494,288.898834229
0.360455662012,-0.102832585573,-2.61211895943,288.92791748
0.340113669634,-0.113542355597,-2.59034872055,288.963806152
0.319946110249,-0.124909751117,-2.56793451309,288.983673096
0.300235360861,-0.136610209942,-2.5475165844,289.005096436
0.290307044983,-0.142291814089,-2.53497385979,289.025268555
0.270962119102,-0.154922023416,-2.51378321648,289.049407959
0.242902740836,-0.174313932657,-2.480935812,289.082580566
0.224241524935,-0.187911704183,-2.45903015137,289.102355957
0.215062618256,-0.194755539298,-2.44754314423,289.126251221
0.197198718786,-0.208937689662,-2.42619585991,289.151641846
0.170437946916,-0.230924099684,-2.39313864708,289.182281494
0.153080865741,-0.24569709599,-2.37028431892,289.205749512
0.136165708303,-0.261338412762,-2.34833645821,289.229858398
0.119254663587,-0.276866406202,-2.32538938522,289.255310059
0.102593198419,-0.29299929738,-2.30214238167,289.285705566
0.0866520404816,-0.309406727552,-2.28007435799,289.308227539
0.0711314603686,-0.326434224844,-2.25874519348,289.332122803
0.0559443049133,-0.343502879143,-2.23659920692,289.355529785
0.0408870056272,-0.360928088427,-2.21432209015,289.380371094
0.0265733115375,-0.379056811333,-2.1927280426,289.403869629
0.0129221370444,-0.397491276264,-2.17114591599,289.435943604
-0.00754833268002,-0.425462335348,-2.13664841652,289.45993042
-0.0206485223025,-0.444495081902,-2.11400437355,289.489990234
-0.0272408965975,-0.453873902559,-2.10118722916,289.513458252
-0.0394914746284,-0.473668843508,-2.08064937592,289.537902832
-0.0511352457106,-0.49349719286,-2.05879020691,289.561828613
-0.0684060975909,-0.52386200428,-2.02634501457,289.591491699
-0.0739431604743,-0.5341142416,-2.01427459717,289.612701416
-0.0895276665688,-0.565154910088,-1.98207497597,289.640563965
-0.0995444059372,-0.586012423038,-1.96041107178,289.664978027
-0.109175629914,-0.606877446175,-1.93716824055,289.695495605
-0.117723792791,-0.62817132473,-1.91598629951,289.720672607
-0.126468285918,-0.649697005749,-1.8924574852,289.742919922
-0.134422555566,-0.671113193035,-1.86997187138,289.76739502
-0.141607880592,-0.69323527813,-1.84886419773,289.799530029
-0.148457422853,-0.715568006039,-1.82660591602,289.824279785
-0.15494056046,-0.737911820412,-1.80418634415,289.847961426
-0.161540344357,-0.760290622711,-1.78100776672,289.872741699
-0.169511318207,-0.794026136398,-1.74919891357,289.901855469
-0.171740695834,-0.805436074734,-1.73907446861,289.925598145
-0.176267847419,-0.828181862831,-1.71728146076,289.949462891
-0.182569295168,-0.862150013447,-1.68292057514,289.973297119
-0.185829371214,-0.885183334351,-1.66017353535,290.006713867
-0.187287136912,-0.896653354168,-1.64945709705,290.026580811
-0.189812153578,-0.919447183609,-1.62730228901,290.050170898
-0.192497774959,-0.954093694687,-1.59255063534,290.076019287
-0.193460911512,-0.97717744112,-1.57094693184,290.106384277
-0.194295689464,-1.00044751167,-1.54854762554,290.129821777
-0.194485574961,-1.01197755337,-1.53767204285,290.150421143
-0.194291830063,-1.03490948677,-1.5170468092,290.170959473
-0.193576961756,-1.05819928646,-1.49518847466,290.196472168
-0.192432835698,-1.08081364632,-1.47325754166,290.218139648
-0.191142618656,-1.10370087624,-1.45134365559,290.241394043
-0.189275443554,-1.12687766552,-1.42855119705,290.264587402
-0.186784252524,-1.1500813961,-1.40560901165,290.288116455
-0.184089243412,-1.17278409004,-1.38303732872,290.316314697
-0.18000523746,-1.19560217857,-1.36245584488,290.34072876
-0.178017199039,-1.20692753792,-1.35173511505,290.364135742
-0.173731356859,-1.22963142395,-1.3282507658,290.384063721
-0.168989256024,-1.25209891796,-1.30557155609,290.406829834
-0.163517564535,-1.27451884747,-1.28242778778,290.429443359
-0.160720869899,-1.28588795662,-1.27145898342,290.44909668
-0.154719516635,-1.30810332298,-1.25048041344,290.470428467
-0.148074612021,-1.33028137684,-1.22911286354,290.490264893
-0.140681371093,-1.3519359827,-1.20790755749,290.514984131
-0.136949956417,-1.36281859875,-1.19722950459,290.538513184
-0.129506677389,-1.38454258442,-1.17557394505,290.56262207
-0.121480830014,-1.40601813793,-1.15335595608,290.583007812
-0.113741926849,-1.42751669884,-1.13008141518,290.606414795
-0.104577198625,-1.4488888979,-1.10818469524,290.630737305
-0.0948260128498,-1.46962618828,-1.08782529831,290.655517578
-0.0845089033246,-1.49031960964,-1.06592643261,290.680175781
-0.0680587515235,-1.52095353603,-1.03063750267,290.726593018
-0.0563003905118,-1.5408219099,-1.00848686695,290.746917725
-0.0380828976631,-1.57063949108,-0.974658787251,290.779144287
-0.0256537590176,-1.59044313431,-0.950566232204,290.803161621
-0.0192579757422,-1.60009884834,-0.939596652985,290.825958252
-0.00587495137006,-1.61919188499,-0.916784405708,290.84564209
0.00742714339867,-1.638250947,-0.89400190115,290.870117188
0.0213944464922,-1.65734708309,-0.870746612549,290.894958496
0.0358016714454,-1.67573940754,-0.84914880991,290.923431396
0.0505746677518,-1.69399726391,-0.826329827309,290.94821167
0.065849930048,-1.71147239208,-0.804256916046,290.972229004
0.0818780586123,-1.72880887985,-0.783006370068,290.996917725
0.107260100543,-1.75331127644,-0.75162923336,291.027862549
0.12411365658,-1.76954638958,-0.729495346546,291.053161621
0.132687956095,-1.77755331993,-0.718642055988,291.076293945
0.158804878592,-1.80216264725,-0.683908581734,291.098999023
0.177026167512,-1.81749773026,-0.660473942757,291.129516602
0.195677310228,-1.8325701952,-0.638910710812,291.152526855
0.204824447632,-1.83998084068,-0.628234982491,291.174560547
0.233287379146,-1.86199533939,-0.592196702957,291.19744873
0.252505034208,-1.87591397762,-0.571229338646,291.23538208
0.272057265043,-1.88950252533,-0.548983871937,291.259063721
0.291952490807,-1.90273547173,-0.522669672966,291.279052734
0.302557826042,-1.90901648998,-0.512517750263,291.299041748
0.323544949293,-1.92203867435,-0.489100933075,291.32421875
0.355192929506,-1.93965017796,-0.455723613501,291.354278564
0.375813484192,-1.95055770874,-0.431708842516,291.377593994
0.408227264881,-1.96740484238,-0.394300371408,291.401672363
0.430350542068,-1.97670304775,-0.370840519667,291.447113037
0.452731788158,-1.98593640327,-0.348930329084,291.472045898
0.475150734186,-1.99500024319,-0.32496663928,291.496429443
0.497703552246,-2.00325131416,-0.30181491375,291.51739502
0.520657062531,-2.01152014732,-0.278530746698,291.544311523
0.543850183487,-2.01810359955,-0.255168676376,291.568603516
0.566922187805,-2.02555012703,-0.229191720486,291.592651367
0.589734852314,-2.03154039383,-0.205218985677,291.617889404
0.613842189312,-2.03810238838,-0.182963728905,291.644165039
0.637563347816,-2.04317092896,-0.156886041164,291.668640137
0.661222815514,-2.04688286781,-0.137815669179,291.695281982
0.684936702251,-2.05048131943,-0.117987893522,291.720245361
0.709292471409,-2.0547003746,-0.0957856252789,291.744018555
0.732093095779,-2.05681824684,-0.072204940021,291.768280029
0.755963087082,-2.05921816826,-0.0479593724012,291.792144775
0.780031085014,-2.06145691872,-0.0245223212987,291.816314697
0.803679466248,-2.0630364418,-0.000136380840559,291.844299316
0.827328085899,-2.06379628181,0.026476925239,291.868438721
0.851391255856,-2.06378602982,0.0467705614865,291.891723633
0.863461315632,-2.06395220757,0.0596903003752,291.911560059
0.887329101562,-2.06258130074,0.0806320458651,291.936248779
0.911007106304,-2.06169486046,0.105471886694,291.95916748
0.93513071537,-2.06014943123,0.127772763371,291.982055664
0.958948791027,-2.0575966835,0.149888038635,292.004577637
0.982681334019,-2.05515193939,0.172351717949,292.02746582
0.99460798502,-2.05317544937,0.183460846543,292.048400879
1.01815366745,-2.04981064796,0.208772331476,292.072265625
1.04129338264,-2.04522037506,0.230706170201,292.095275879
1.06476044655,-2.04079723358,0.254375368357,292.11517334
1.08842134476,-2.03569459915,0.278529733419,292.140014648
1.09997224808,-2.03267455101,0.291516065598,292.16418457
1.12281453609,-2.02627015114,0.314061254263,292.187866211
1.14551961422,-2.01946544647,0.336532235146,292.21282959
1.16800403595,-2.01202511787,0.357275277376,292.236755371
1.1899292469,-2.00371789932,0.375079452991,292.260650635
1.21324634552,-1.99675226212,0.40149384737,292.284484863
1.23542511463,-1.98810207844,0.421574503183,292.307800293
1.2571439743,-1.97905790806,0.446294039488,292.328460693
1.27914106846,-1.96978747845,0.467943966389,292.35748291
1.30061578751,-1.9596118927,0.492253929377,292.380493164
1.31126308441,-1.95461237431,0.502257108688,292.400756836
1.33238506317,-1.94388663769,0.525994777679,292.424621582
1.35315907001,-1.93223690987,0.548363626003,292.448669434
1.37417602539,-1.92021012306,0.570652067661,292.473358154
1.39465296268,-1.90765750408,0.591603040695,292.496948242
1.41491270065,-1.89557445049,0.615002214909,292.519836426
1.43512010574,-1.88245332241,0.637252509594,292.545806885
1.4547021389,-1.86866366863,0.66097921133,292.569335938
1.47387886047,-1.85421466827,0.681463003159,292.592102051
1.48329770565,-1.84706354141,0.692016124725,292.613739014
1.5025190115,-1.83294916153,0.715991795063,292.633605957
1.52153193951,-1.81849431992,0.741969466209,292.663421631
1.5400749445,-1.80361151695,0.767521202564,292.688232422
1.56612956524,-1.78003621101,0.799349188805,292.712585449
1.58332204819,-1.76363432407,0.821835875511,292.745300293
1.60805177689,-1.73836505413,0.85645198822,292.77746582
1.61589980125,-1.72961187363,0.867545604706,292.800964355
1.63172578812,-1.71162116528,0.891590058804,292.824127197
1.64661288261,-1.69332277775,0.913010120392,292.847930908
1.66210532188,-1.6755771637,0.937768638134,292.867828369
1.6769105196,-1.6570276022,0.962099432945,292.896179199
1.69017970562,-1.6380212307,0.982372462749,292.921417236
1.70411396027,-1.61850249767,1.01347792149,292.943969727
1.71609807014,-1.59769225121,1.0307585001,292.966522217
1.72212529182,-1.58728170395,1.04160988331,292.986877441
1.73656690121,-1.57031404972,1.06291222572,293.011108398
1.7479108572,-1.55047976971,1.08271002769,293.036987305
1.75941872597,-1.53005075455,1.10529625416,293.062561035
1.77019476891,-1.51048767567,1.12084722519,293.082366943
1.78045678139,-1.48905098438,1.14628350735,293.102233887
1.79090952873,-1.46869218349,1.1676210165,293.127441406
1.80039000511,-1.44722080231,1.1895737648,293.147521973
1.8097640276,-1.42771792412,1.21010136604,293.177520752
1.81821465492,-1.40499687195,1.23289322853,293.208099365
1.82662761211,-1.38306343555,1.2533800602,293.2315979
1.834856987,-1.36184263229,1.27582740784,293.251556396
1.84565722942,-1.32927083969,1.30462658405,293.289581299
1.85300505161,-1.30731463432,1.32966482639,293.313171387
1.85606372356,-1.29638886452,1.33981287479,293.339050293
1.86210286617,-1.274091959,1.36037003994,293.363372803
1.86784124374,-1.25166976452,1.38349175453,293.38470459
1.87271058559,-1.22953999043,1.40547549725,293.406738281
1.87877976894,-1.2080757618,1.43555617332,293.430511475
1.8797659874,-1.19614684582,1.44117486477,293.450744629
1.88373029232,-1.17373073101,1.46481156349,293.473602295
1.88587617874,-1.15073931217,1.48096287251,293.49786377
1.88899374008,-1.12816667557,1.50389444828,293.521759033
1.89150393009,-1.10544967651,1.52589952946,293.545013428
1.89442622662,-1.08363807201,1.55088937283,293.568878174
1.89561378956,-1.07210683823,1.56377458572,293.589202881
1.89598309994,-1.04881608486,1.5818220377,293.609375
1.89777696133,-1.02648103237,1.60929822922,293.632751465
1.89697873592,-1.00325798988,1.6284134388,293.658111572
1.89616823196,-0.9692928195,1.6606259346,293.69039917
1.89600038528,-0.958024084568,1.67235529423,293.711456299
1.89397871494,-0.935462832451,1.688834548,293.734832764
1.89205420017,-0.913272380829,1.71067368984,293.755249023
1.88914489746,-0.890737712383,1.73027431965,293.778778076
1.8880597353,-0.879644274712,1.74272871017,293.798583984
1.88275432587,-0.845638334751,1.77495336533,293.833221436
1.87964236736,-0.823710381985,1.80022752285,293.862213135
1.87548446655,-0.801301002502,1.82402098179,293.882385254
1.87006449699,-0.779195010662,1.84313607216,293.906951904
1.86534786224,-0.757628977299,1.86695218086,293.931243896
1.85244011879,-0.713835120201,1.9117205143,293.951965332
1.8424115181,-0.681880414486,1.94195246696,294.015838623
1.83538448811,-0.660462737083,1.96587574482,294.040039062
1.82997179031,-0.64984613657,1.97202301025,294.060272217
1.82214665413,-0.62886351347,1.99531114101,294.084442139
1.81397092342,-0.608432173729,2.01918458939,294.108520508
1.80456113815,-0.587745070457,2.04084897041,294.132537842
1.79538524151,-0.567028224468,2.06335306168,294.16003418
1.78461408615,-0.546471238136,2.08584570885,294.181121826
1.77406823635,-0.52666336298,2.10832691193,294.205657959
1.76874911785,-0.516970515251,2.11906528473,294.225891113
1.7575905323,-0.497496187687,2.14103055,294.246643066
1.74560105801,-0.478271842003,2.1611571312,294.266906738
1.73996770382,-0.468913078308,2.17249631882,294.288726807
1.72715628147,-0.449678719044,2.19222426414,294.314605713
1.71441698074,-0.431208610535,2.21306824684,294.338317871
1.70145189762,-0.412686735392,2.23475408554,294.358612061
1.6878207922,-0.394383072853,2.25564742088,294.382385254
1.67396593094,-0.376434892416,2.27746391296,294.40536499
1.65962421894,-0.358846485615,2.29887199402,294.428344727
1.6523963213,-0.350166708231,2.31012558937,294.448730469
1.63780593872,-0.332398056984,2.33296585083,294.472717285
1.62267100811,-0.315826356411,2.35422992706,294.498016357
1.6068687439,-0.299322962761,2.37465810776,294.522094727
1.59075260162,-0.283414691687,2.39610481262,294.546051025
1.57470190525,-0.267342448235,2.41805171967,294.571594238
1.5582280159,-0.251183241606,2.43967151642,294.591888428
1.55001294613,-0.243423849344,2.44997310638,294.612365723
1.53279769421,-0.228334084153,2.47111105919,294.632202148
1.51535236835,-0.213784694672,2.49108409882,294.65222168
1.49763035774,-0.19945409894,2.51362204552,294.676757812
1.47962093353,-0.185005337,2.53612160683,294.705932617
1.46104216576,-0.171635508537,2.55942320824,294.731781006
1.4424598217,-0.158809527755,2.58043456078,294.756225586
1.43293368816,-0.152164667845,2.59349036217,294.776306152
1.40419828892,-0.133397877216,2.62650513649,294.802856445
1.38513851166,-0.12101162225,2.64947104454,294.827575684
1.36485564709,-0.10953655839,2.67149138451,294.85458374
1.34552240372,-0.0986430868506,2.69399666786,294.879760742
1.32506477833,-0.0881075263023,2.71720433235,294.90423584
1.30490005016,-0.0778789743781,2.73933959007,294.928466797
1.28408372402,-0.0682786405087,2.76087737083,294.952453613
1.27331781387,-0.0637490227818,2.77134370804,294.976959229
1.25251853466,-0.0548238046467,2.79275488853,295.000457764
1.23099660873,-0.0464051775634,2.81590938568,295.024780273
1.20932304859,-0.038817550987,2.83712887764,295.048461914
1.18764400482,-0.0312492679805,2.8595085144,295.073303223
1.16572809219,-0.0239005777985,2.8812289238,295.092803955
1.14355647564,-0.0174712520093,2.90260696411,295.126220703
1.12144613266,-0.0117859579623,2.92364478111,295.148101807
1.09834957123,-0.00681143067777,2.94381904602,295.168914795
1.06496846676,0.00110057136044,2.97713899612,295.194366455
1.04224169254,0.00565450824797,2.99933886528,295.230834961
1.01950931549,0.0094916978851,3.02110481262,295.256500244
0.996496021748,0.0124822799116,3.04191756248,295.280181885
0.973625183105,0.0154256653041,3.06604099274,295.312744141
0.950936079025,0.0177933182567,3.08828020096,295.339202881
0.928123414516,0.0197402983904,3.11056613922,295.362548828
0.905068874359,0.0215105265379,3.13516330719,295.389923096
0.882285296917,0.0223958753049,-3.12626099586,295.412567139
0.859079837799,0.0230038333684,-3.10375714302,295.434143066
0.836110174656,0.0227192211896,-3.08297920227,295.458953857
0.813113629818,0.021600516513,-3.06156897545,295.483947754
0.789948225021,0.020456880331,-3.03922605515,295.509094238
0.767009019852,0.018966384232,-3.01558589935,295.532440186
0.743957340717,0.0163073074073,-2.99543595314,295.554168701
0.720988571644,0.0130364531651,-2.97449207306,295.587036133
0.67529463768,0.00624549156055,-2.93062138557,295.612365723
0.65259963274,0.00197981088422,-2.90726995468,295.657043457
0.630051136017,-0.00279206782579,-2.88604521751,295.682220459
0.59593307972,-0.0108707435429,-2.85191297531,295.706115723
0.54006922245,-0.0259472988546,-2.79484677315,295.741333008
0.51797991991,-0.033227417618,-2.77345967293,295.812286377
0.485451996326,-0.0456663072109,-2.74177861214,295.843109131
0.463907212019,-0.0539228282869,-2.72011876106,295.868743896
0.442309141159,-0.062496714294,-2.69769906998,295.89276123
0.42070093751,-0.0716057568789,-2.67491865158,295.920074463
0.399600178003,-0.0813853368163,-2.6528441906,295.944091797
0.378889769316,-0.0915114954114,-2.63066482544,295.967437744
0.358384817839,-0.102402247488,-2.60962104797,295.992523193
0.337707221508,-0.113345436752,-2.58727478981,296.016845703
0.317552745342,-0.124836847186,-2.56465291977,296.043487549
0.297699838877,-0.136799380183,-2.54412531853,296.066009521
0.287818491459,-0.142643615603,-2.53217244148,296.086853027
0.268388837576,-0.15538752079,-2.5111758709,296.111694336
0.249254748225,-0.168429031968,-2.48943591118,296.135528564
0.230350494385,-0.181910231709,-2.4670188427,296.159057617
0.211892068386,-0.19566193223,-2.44464349747,296.183624268
0.193459048867,-0.209964230657,-2.4224922657,296.20904541
0.175541341305,-0.224709734321,-2.4007525444,296.232910156
0.158221065998,-0.240017652512,-2.37879133224,296.256744385
0.132256478071,-0.263058364391,-2.3438949585,296.291290283
0.115425601602,-0.278990656137,-2.32094144821,296.316375732
0.0988294184208,-0.295312017202,-2.29818892479,296.340881348
0.0908902958035,-0.303560674191,-2.28663277626,296.364501953
0.0673293396831,-0.328977048397,-2.25495314598,296.389282227
0.0596155673265,-0.337794959545,-2.24462246895,296.412994385
0.0443709567189,-0.355193555355,-2.22230195999,296.435821533
0.0297873262316,-0.373266339302,-2.19993066788,296.456329346
0.0156725719571,-0.391582429409,-2.17779755592,296.48248291
0.00185625161976,-0.410295575857,-2.15437483788,296.506256104
-0.0118020260707,-0.429494023323,-2.1318116188,296.533325195
-0.0248161572963,-0.44865334034,-2.10785722733,296.558776855
-0.0371732003987,-0.468222171068,-2.08680438995,296.582977295
-0.0492691583931,-0.487862884998,-2.06485748291,296.607055664
-0.0609391964972,-0.508304774761,-2.04397702217,296.627471924
-0.0721580684185,-0.528755843639,-2.02081799507,296.662780762
-0.0830344036222,-0.549336016178,-1.99780833721,296.685546875
-0.0932926610112,-0.570115804672,-1.97575747967,296.709594727
-0.103374406695,-0.591330826283,-1.9531160593,296.734344482
-0.112778529525,-0.612620413303,-1.93040966988,296.762939453
-0.129742711782,-0.655755579472,-1.88650786877,296.789764404
-0.144692704082,-0.699699223042,-1.84157633781,296.828674316
-0.151437953115,-0.722269594669,-1.81968665123,296.884002686
-0.161465719342,-0.755743980408,-1.78560531139,296.911682129
-0.167565241456,-0.778413653374,-1.76216781139,296.942474365
-0.170096561313,-0.789790689945,-1.75134623051,296.963653564
-0.174582928419,-0.812774300575,-1.73003590107,296.985565186
-0.1787353158,-0.83564299345,-1.70798373222,297.009765625
-0.182708248496,-0.858343064785,-1.6856508255,297.032562256
-0.186303600669,-0.881462454796,-1.66256153584,297.058929443
-0.188972741365,-0.904689252377,-1.64135289192,297.083343506
-0.191352501512,-0.927553713322,-1.61816012859,297.107849121
-0.19297593832,-0.950796186924,-1.59573054314,297.129058838
-0.194184452295,-0.973968446255,-1.57384586334,297.152740479
-0.194671556354,-0.985519528389,-1.5627695322,297.17288208
-0.195331409574,-1.00883030891,-1.54033315182,297.194122314
-0.195395499468,-1.02052342892,-1.52936804295,297.214935303
-0.195186823606,-1.04362487793,-1.5064535141,297.239501953
-0.194418385625,-1.066650033,-1.48478937149,297.260345459
-0.193191662431,-1.08980250359,-1.46250844002,297.280609131
-0.191168904305,-1.11307382584,-1.44038975239,297.303009033
-0.188691318035,-1.13585555553,-1.41969370842,297.328033447
-0.185893028975,-1.15878736973,-1.39757168293,297.352203369
-0.184690490365,-1.17051720619,-1.38547444344,297.376708984
-0.180719465017,-1.19336235523,-1.36530554295,297.399902344
-0.176616504788,-1.21621334553,-1.34312283993,297.422637939
-0.172133311629,-1.23886346817,-1.31996488571,297.444213867
-0.167383864522,-1.26123392582,-1.29697751999,297.468475342
-0.161986336112,-1.28411960602,-1.27247011662,297.493469238
-0.155941620469,-1.30636096001,-1.25033950806,297.516448975
-0.152737170458,-1.3174251318,-1.24034190178,297.53994751
-0.145575508475,-1.3395626545,-1.21779620647,297.560882568
-0.138220518827,-1.36129260063,-1.19613134861,297.585113525
-0.130471885204,-1.38303256035,-1.17599976063,297.605651855
-0.126648381352,-1.39384698868,-1.16489887238,297.626434326
-0.118429012597,-1.41554808617,-1.14151525497,297.651245117
-0.109942503273,-1.43691396713,-1.12076079845,297.675994873
-0.100652910769,-1.45794689655,-1.09970235825,297.70123291
-0.0907676443458,-1.47882342339,-1.07708287239,297.722229004
-0.0801929235458,-1.49961531162,-1.05404448509,297.744232178
-0.0632728338242,-1.52990615368,-1.02013969421,297.779418945
-0.0514958128333,-1.55015766621,-0.997372090816,297.804260254
-0.0390289090574,-1.57005786896,-0.97314363718,297.83001709
-0.0263713859022,-1.58960545063,-0.949155628681,297.851196289
-0.012906242162,-1.60870313644,-0.92863368988,297.879394531
0.000252818164881,-1.62786698341,-0.905366182327,297.905853271
0.0139470854774,-1.646936059,-0.884183883667,297.930419922
0.02810799703,-1.66567528248,-0.862026870251,297.956054688
0.0424565300345,-1.68431711197,-0.836693763733,297.983184814
0.0572582855821,-1.7022383213,-0.814771652222,298.006561279
0.0727872028947,-1.71971178055,-0.790834248066,298.030029297
0.0810126811266,-1.72863280773,-0.780212700367,298.050872803
0.0978060439229,-1.74519562721,-0.758426308632,298.072174072
0.114919357002,-1.76152682304,-0.737506270409,298.096282959
0.132160410285,-1.77754557133,-0.715546309948,298.121459961
0.149911597371,-1.7935744524,-0.692463338375,298.1456604
0.168050482869,-1.80914330482,-0.672163724899,298.169891357
0.186017125845,-1.82454264164,-0.648099243641,298.194335938
0.204665347934,-1.83973574638,-0.626607716084,298.220214844
0.22364346683,-1.85451102257,-0.602676391602,298.245849609
0.242841690779,-1.86820495129,-0.582518398762,298.26663208
0.27205234766,-1.88954007626,-0.545893311501,298.295501709
0.292040079832,-1.90290677547,-0.519246399403,298.335388184
0.313009291887,-1.91545379162,-0.495566636324,298.359069824
0.334283351898,-1.9273455143,-0.475930243731,298.384307861
0.355545818806,-1.93896925449,-0.452712893486,298.412017822
0.387011498213,-1.95551288128,-0.417326569557,298.440734863
0.408495545387,-1.96672224998,-0.3915181458,298.47164917
0.430533051491,-1.9759837389,-0.368916749954,298.501190186
0.453014403582,-1.98509335518,-0.347279757261,298.524353027
0.47558799386,-1.99422979355,-0.322389394045,298.544494629
0.498034209013,-2.0024330616,-0.29939815402,298.565124512
0.509396731853,-2.00652241707,-0.286399841309,298.585784912
0.532222807407,-2.01397776604,-0.262528657913,298.60635376
0.55548208952,-2.02055120468,-0.241026952863,298.628234863
0.578854560852,-2.02696490288,-0.216404139996,298.658416748
0.602527201176,-2.03312635422,-0.195829078555,298.683654785
0.626137197018,-2.03863501549,-0.168766349554,298.704406738
0.649676799774,-2.04341578484,-0.148565113544,298.728302002
0.661363601685,-2.04552602768,-0.136276572943,298.752441406
0.685221731663,-2.04906773567,-0.114786274731,298.776702881
0.709429562092,-2.0529897213,-0.0952289998531,298.801818848
0.732145905495,-2.05541205406,-0.0700633600354,298.827423096
0.756133496761,-2.0580136776,-0.0443882457912,298.852355957
0.780411064625,-2.06016469002,-0.0222894828767,298.876708984
0.803792357445,-2.06135225296,0.00144603743684,298.900634766
0.827393293381,-2.06185722351,0.0264047514647,298.92489624
0.85163128376,-2.06214141846,0.0483995005488,298.94909668
0.87559992075,-2.06144475937,0.071960285306,298.974395752
0.899473130703,-2.06035256386,0.0956643670797,298.995117188
0.923688828945,-2.05887913704,0.11781731993,299.019592285
0.947223842144,-2.05673837662,0.141040459275,299.043945312
0.970898509026,-2.05442237854,0.163268342614,299.065826416
0.994717895985,-2.05132246017,0.185678303242,299.09085083
1.00569438934,-2.04934644699,0.202999383211,299.111633301
1.02998840809,-2.0458407402,0.222362026572,299.133514404
1.05337524414,-2.04107642174,0.244815126061,299.154296875
1.07691335678,-2.03592967987,0.267865747213,299.179595947
1.09965157509,-2.03027963638,0.291270464659,299.202819824
1.12234807014,-2.02369523048,0.312999725342,299.235931396
1.14540755749,-2.01717758179,0.337865054607,299.260498047
1.16780841351,-2.00970816612,0.358632415533,299.284790039
1.18963801861,-2.00147342682,0.377110630274,299.309783936
1.21297335625,-1.99496006966,0.405875682831,299.334625244
1.23532211781,-1.98632311821,0.424548089504,299.359283447
1.25689589977,-1.97700119019,0.448200643063,299.383392334
1.2785422802,-1.96727585793,0.469380170107,299.406097412
1.29961752892,-1.95715451241,0.49333640933,299.429077148
1.32127785683,-1.94697022438,0.516139864922,299.455078125
1.34205520153,-1.93565654755,0.538321793079,299.478607178
1.35253179073,-1.93006849289,0.549796402454,299.50201416
1.38338041306,-1.91156363487,0.583329856396,299.527038574
1.40353929996,-1.89881932735,0.604718506336,299.559936523
1.4243414402,-1.88629889488,0.630643546581,299.584838867
1.44402050972,-1.873067379,0.65167349577,299.611297607
1.47260761261,-1.85156095028,0.682418107986,299.643157959
1.49169099331,-1.83737242222,0.704706609249,299.668334961
1.50114107132,-1.8301333189,0.716106414795,299.688812256
1.51976132393,-1.8155465126,0.741013467312,299.710998535
1.53786551952,-1.80049479008,0.765036821365,299.735626221
1.55602395535,-1.78516197205,0.789661705494,299.760284424
1.57339632511,-1.76903986931,0.813768923283,299.785003662
1.5899848938,-1.75254297256,0.835704088211,299.808837891
1.6068969965,-1.73565852642,0.861844658852,299.83404541
1.62223386765,-1.71768939495,0.882524251938,299.854705811
1.63781571388,-1.70002448559,0.90477514267,299.878967285
1.65304613113,-1.68211424351,0.928084492683,299.903381348
1.66751539707,-1.66384625435,0.950297355652,299.931274414
1.68165278435,-1.64532804489,0.972746193409,299.955383301
1.69531941414,-1.62635529041,0.996195912361,299.980499268
1.70845556259,-1.60700762272,1.0173227787,300.00491333
1.72180020809,-1.58799254894,1.04153895378,300.028747559
1.73430621624,-1.5686300993,1.0646096468,300.052520752
1.74005031586,-1.55850064754,1.07478964329,300.076568604
1.75171160698,-1.5385671854,1.09592890739,300.100250244
1.76286053658,-1.51826286316,1.11830663681,300.124450684
1.77345442772,-1.49743509293,1.13917636871,300.148803711
1.78306460381,-1.4768320322,1.15804123878,300.172637939
1.79293251038,-1.45580565929,1.18047475815,300.193511963
1.80251228809,-1.43538188934,1.2019547224,300.217102051
1.81152391434,-1.41468679905,1.22299921513,300.24420166
1.8237850666,-1.38218617439,1.25319683552,300.267486572
1.82814574242,-1.37185978889,1.26414227486,300.298858643
1.83552193642,-1.35023331642,1.28365123272,300.328155518
1.84293341637,-1.32869374752,1.30460929871,300.35244751
1.85046029091,-1.3070281744,1.32901227474,300.376800537
1.85649001598,-1.28520071507,1.34946167469,300.400909424
1.86245083809,-1.26308643818,1.36828947067,300.425537109
1.86753237247,-1.24076032639,1.39115834236,300.44909668
1.87225365639,-1.21853005886,1.41455030441,300.472869873
1.87634909153,-1.19671440125,1.43493068218,300.49822998
1.88070619106,-1.17449617386,1.46211016178,300.52645874
1.8830075264,-1.15163874626,1.47804439068,300.551147461
1.88645792007,-1.12906396389,1.50187051296,300.576812744
1.8901913166,-1.10762238503,1.52860295773,300.601776123
1.89172840118,-1.08497917652,1.5463912487,300.622253418
1.89395773411,-1.05037724972,1.57935416698,300.655822754
1.89548313618,-1.02813267708,1.60526204109,300.680175781
1.89484786987,-1.00532829762,1.62350964546,300.704376221
1.89422190189,-0.982721567154,1.64432156086,300.728424072
1.89381110668,-0.960519373417,1.66541969776,300.755218506
1.89169847965,-0.938041090965,1.6836411953,300.780609131
1.88950204849,-0.915645003319,1.70528864861,300.804656982
1.8874938488,-0.893701374531,1.72602319717,300.828613281
1.88503873348,-0.871399521828,1.74910998344,300.85357666
1.88195776939,-0.848834872246,1.77219045162,300.874420166
1.87836670876,-0.826994717121,1.79448723793,300.904754639
1.87435567379,-0.804827570915,1.81799972057,300.928771973
1.86918604374,-0.782738685608,1.83751416206,300.959594727
1.86170637608,-0.750581562519,1.87024629116,301.001159668
1.85223686695,-0.717853307724,1.90498077869,301.031860352
1.84630477428,-0.696999967098,1.92713868618,301.057678223
1.83911120892,-0.675570785999,1.9476133585,301.07901001
1.83515095711,-0.66476982832,1.9591101408,301.09967041
1.82676529884,-0.643787324429,1.97874462605,301.121124268
1.81857430935,-0.6226978302,2.00240468979,301.142181396
1.81468904018,-0.612808167934,2.01296591759,301.165405273
1.80527639389,-0.592139959335,2.03375339508,301.18862915
1.79686617851,-0.57177323103,2.05758905411,301.209228516
1.78642177582,-0.55169659853,2.07699513435,301.232940674
1.77584302425,-0.531886518002,2.09895610809,301.255584717
1.77059400082,-0.522216022015,2.10982465744,301.276123047
1.7596565485,-0.503014266491,2.1312725544,301.297821045
1.74801170826,-0.483667224646,2.15174341202,301.32208252
1.73646867275,-0.464574337006,2.17456507683,301.346374512
1.72415459156,-0.446097999811,2.1948568821,301.372558594
1.71137428284,-0.427693277597,2.21530365944,301.396728516
1.6984732151,-0.409261584282,2.23705458641,301.420288086
1.68498659134,-0.391006171703,2.25763988495,301.443786621
1.67136633396,-0.373426020145,2.27953386307,301.474090576
1.65715348721,-0.355989396572,2.30026125908,301.494567871
1.65020155907,-0.347157537937,2.31152558327,301.515075684
1.63551700115,-0.330112069845,2.33175253868,301.538421631
1.62055706978,-0.313581109047,2.35350060463,301.559967041
1.60497653484,-0.297563016415,2.37416744232,301.580627441
1.58898627758,-0.281738609076,2.39501309395,301.604370117
1.57320737839,-0.26552426815,2.41767907143,301.628356934
1.56517827511,-0.257697343826,2.42741656303,301.652893066
1.54860818386,-0.241865441203,2.44968056679,301.67666626
1.53153514862,-0.227021411061,2.47079920769,301.702362061
1.5143404007,-0.212681993842,2.49139714241,301.726776123
1.48809373379,-0.19093978405,2.52467703819,301.750732422
1.46990859509,-0.177536681294,2.54545116425,301.778930664
1.45150256157,-0.16426153481,2.56861257553,301.804443359
1.43287861347,-0.151418939233,2.5906662941,301.830871582
1.41430568695,-0.138732373714,2.61397004128,301.852233887
1.39523732662,-0.126639157534,2.63607883453,301.881958008
1.38575696945,-0.120704717934,2.64762735367,301.902404785
1.36575305462,-0.109298244119,2.66898322105,301.924743652
1.34674155712,-0.0980823710561,2.69132065773,301.950683594
1.32640647888,-0.0876063704491,2.71421790123,301.976593018
1.30632030964,-0.0775032266974,2.73636627197,301.997833252
1.28573954105,-0.0682022795081,2.75816583633,302.018798828
1.26506924629,-0.0589895099401,2.77929258347,302.043884277
1.24429059029,-0.050248388201,2.79967045784,302.067993164
1.22275221348,-0.0423679500818,2.82085037231,302.092437744
1.2014247179,-0.0346459075809,2.84390687943,302.116699219
1.18009972572,-0.0274216718972,2.86559844017,302.140563965
1.15815258026,-0.0202804729342,2.88714337349,302.165710449
1.13634204865,-0.0140933105722,2.90864944458,302.19128418
1.12513160706,-0.0112497238442,2.91916012764,302.211700439
1.10271680355,-0.00588391907513,2.94088625908,302.231903076
1.0804721117,-0.00056143454276,2.96325540543,302.255615234
1.05796146393,0.00407868390903,2.98310136795,302.287719727
1.03545558453,0.0083318091929,3.00510287285,302.312347412
1.01287937164,0.0119956545532,3.02722430229,302.336608887
0.990374922752,0.015100158751,3.04819083214,302.360473633
0.967639684677,0.0178788378835,3.07115578651,302.384918213
0.944807052612,0.0203527230769,3.09317779541,302.408599854
0.922141432762,0.0217109806836,3.11503624916,302.434539795
0.899612247944,0.0230938177556,3.13892197609,302.458099365
0.876814424992,0.0241168569773,-3.12222862244,302.481506348
0.853755652905,0.0248087737709,-3.09982800484,302.506713867
0.830896496773,0.0242402534932,-3.07899188995,302.53012085
0.807912886143,0.0230428241193,-3.05884218216,302.553649902
0.796404123306,0.0224927831441,-3.04763531685,302.573913574
0.773591995239,0.0212737172842,-3.02393507957,302.594512939
0.750525295734,0.0192256774753,-3.00138998032,302.618560791
0.727848768234,0.0160861145705,-2.98081493378,302.642456055
0.7052308321,0.0125753590837,-2.95995211601,302.667175293
0.693897485733,0.0108679961413,-2.94920730591,302.689483643
0.671436607838,0.00726375356317,-2.92771887779,302.709228516
0.648690462112,0.00316508440301,-2.90556502342,302.731048584
0.637288987637,0.00078967976151,-2.89470076561,302.75289917
0.60341912508,-0.00691480981186,-2.8612985611,302.776000977
0.592540800571,-0.00965492520481,-2.85016775131,302.798553467
0.570104718208,-0.0152096673846,-2.82711601257,302.823547363
0.547810554504,-0.0212818160653,-2.80380296707,302.847747803
0.525774896145,-0.0283520314842,-2.78199625015,302.870361328
0.504145503044,-0.035901363939,-2.76060342789,302.893341064
0.482611000538,-0.0441405326128,-2.73998069763,302.919647217
0.461110025644,-0.0523219369352,-2.71814513206,302.941589355
0.43962046504,-0.0610701143742,-2.69693183899,302.965942383
