0.497511953115,0.570840001106,-1.19211518764,1563.9666748
0.505746245384,0.550109267235,-1.2167391777,1563.98669434
0.513509988785,0.529516756535,-1.24302172661,1564.01098633
0.520982801914,0.50858861208,-1.26938641071,1564.03601074
0.534037292004,0.466175884008,-1.32021105289,1564.06713867
0.539521813393,0.445011168718,-1.34675204754,1564.11474609
0.544311881065,0.423674076796,-1.37194561958,1564.13879395
0.54856801033,0.402279317379,-1.39736831188,1564.16564941
0.552435815334,0.380817353725,-1.42019033432,1564.18896484
0.555956602097,0.35916146636,-1.44725608826,1564.21728516
0.559121131897,0.337308824062,-1.47077381611,1564.2388916
0.561797678471,0.315234005451,-1.49778866768,1564.25964355
0.564022183418,0.293235242367,-1.52449953556,1564.28686523
0.56508743763,0.270800769329,-1.55003929138,1564.31835938
0.56556147337,0.248450875282,-1.57373964787,1564.33825684
0.565765023232,0.226326778531,-1.59986615181,1564.36682129
0.565520346165,0.203833654523,-1.6247190237,1564.39196777
0.564841508865,0.181711390615,-1.64932847023,1564.41650391
0.563064098358,0.15943557024,-1.67449653149,1564.44055176
0.560910403728,0.137127622962,-1.70282018185,1564.46838379
0.558324933052,0.115175351501,-1.72663462162,1564.48864746
0.553490757942,0.0820409953594,-1.76539921761,1564.5222168
0.550093233585,0.0599142871797,-1.79269874096,1564.54211426
0.545436561108,0.0383169017732,-1.81859457493,1564.5736084
0.542850315571,0.0273477360606,-1.83232450485,1564.59594727
0.534210979939,-0.00464735506102,-1.87091064453,1564.61999512
0.531013548374,-0.0153854340315,-1.88403367996,1564.64538574
0.524867117405,-0.0365801490843,-1.91069996357,1564.66552734
0.518213033676,-0.0576786026359,-1.93748605251,1564.68933105
0.510580062866,-0.0787468850613,-1.96384739876,1564.71508789
0.502383768559,-0.0993873924017,-1.98994922638,1564.73620605
0.493823587894,-0.119860224426,-2.01567745209,1564.75769043
0.48455247283,-0.140198498964,-2.04131221771,1564.78930664
0.47416856885,-0.159770995378,-2.06657576561,1564.81274414
0.458405554295,-0.189119175076,-2.10538625717,1564.83483887
0.446323275566,-0.207325845957,-2.12988185883,1564.88049316
0.429800093174,-0.236072719097,-2.17115116119,1564.90783691
0.417675048113,-0.254254072905,-2.19644713402,1564.94189453
0.405239880085,-0.272272914648,-2.22095823288,1564.96569824
0.392357230186,-0.290251165628,-2.24770092964,1564.99291992
0.378464818001,-0.307303637266,-2.27230787277,1565.0144043
0.364190369844,-0.324350714684,-2.29720568657,1565.0390625
0.350109755993,-0.340855300426,-2.32427334785,1565.06384277
0.335092872381,-0.356993198395,-2.3499379158,1565.08630371
0.319742530584,-0.372503429651,-2.37621045113,1565.11218262
0.312380373478,-0.379834890366,-2.38863658905,1565.13220215
0.295835226774,-0.394873708487,-2.41404390335,1565.15332031
0.279760122299,-0.409610807896,-2.44119381905,1565.1730957
0.27162244916,-0.41657486558,-2.45434737206,1565.19384766
0.254804253578,-0.430270016193,-2.48074579239,1565.21582031
0.237221360207,-0.442737400532,-2.50231361389,1565.23999023
0.220141604543,-0.456650882959,-2.52997589111,1565.2644043
0.202114209533,-0.468877077103,-2.55247616768,1565.2845459
0.193704634905,-0.475901961327,-2.56890869141,1565.30456543
0.174650013447,-0.48653191328,-2.59031510353,1565.32641602
0.157038211823,-0.499015927315,-2.61995720863,1565.34765625
0.138948619366,-0.510475099087,-2.64581727982,1565.38037109
0.119993515313,-0.520764231682,-2.6702413559,1565.4083252
0.0911025479436,-0.534751832485,-2.70703244209,1565.43286133
0.0713735893369,-0.543469786644,-2.73059558868,1565.46313477
0.0516563504934,-0.552297592163,-2.75629687309,1565.484375
0.0419061407447,-0.556537270546,-2.76929688454,1565.50769043
0.0219017490745,-0.564799547195,-2.79387426376,1565.5279541
0.00171109463554,-0.572662591934,-2.81929135323,1565.55114746
-0.0187235940248,-0.579646945,-2.84403824806,1565.58081055
-0.0396162122488,-0.586194217205,-2.86934947968,1565.60314941
-0.0603184811771,-0.592410862446,-2.89495873451,1565.62353516
-0.0811169296503,-0.598126769066,-2.92128586769,1565.64709473
-0.102269977331,-0.603509545326,-2.94700717926,1565.67175293
-0.123526245356,-0.608000040054,-2.97175931931,1565.69873047
-0.144882246852,-0.611974060535,-2.99750947952,1565.72253418
-0.166413262486,-0.615158259869,-3.02268338203,1565.75085449
-0.188214674592,-0.617922842503,-3.04786872864,1565.77648926
-0.210072532296,-0.620148360729,-3.07387542725,1565.79968262
-0.232245072722,-0.622072160244,-3.10121488571,1565.82336426
-0.254039466381,-0.623099803925,-3.12781238556,1565.85253906
-0.276313513517,-0.623862624168,3.13040924072,1565.87646484
-0.298911005259,-0.624136805534,3.10415935516,1565.90075684
-0.321092814207,-0.623389720917,3.07872414589,1565.92492676
-0.343399584293,-0.622069180012,3.05250358582,1565.95300293
-0.409691542387,-0.615014255047,2.97193789482,1565.98339844
-0.442603379488,-0.609696269035,2.93196368217,1566.06262207
-0.464344263077,-0.605129778385,2.90505599976,1566.08898926
-0.485866427422,-0.599736630917,2.87905979156,1566.11315918
-0.507411122322,-0.593820214272,2.85346364975,1566.14025879
-0.528753697872,-0.587852180004,2.82739043236,1566.16748047
-0.550091028214,-0.581702053547,2.79947972298,1566.19006348
-0.580989003181,-0.570928394794,2.75923347473,1566.21972656
-0.601285099983,-0.562434077263,2.73585724831,1566.24658203
-0.621566772461,-0.553972423077,2.70992136002,1566.27294922
-0.631519913673,-0.549530684948,2.69866943359,1566.29370117
-0.661644339561,-0.535556316376,2.66046595573,1566.31921387
-0.710100233555,-0.509485960007,2.59596395493,1566.35839844
-0.728954195976,-0.498328179121,2.56924819946,1566.41210938
-0.756923079491,-0.480247914791,2.53095197678,1566.44445801
-0.784294486046,-0.460629969835,2.49382185936,1566.47094727
-0.81086820364,-0.440704315901,2.45600152016,1566.51135254
-0.837132096291,-0.419589728117,2.41784286499,1566.54846191
-0.863080382347,-0.39767113328,2.37959122658,1566.58825684
-0.879515111446,-0.382465809584,2.35554003716,1566.62268066
-0.903572618961,-0.358340829611,2.31843304634,1566.65466309
-0.934963405132,-0.32513231039,2.26206207275,1566.68395996
-0.956795632839,-0.298807919025,2.22240805626,1566.73962402
-0.97808432579,-0.271003633738,2.18335771561,1566.78588867
-1.00521099567,-0.233700186014,2.12917923927,1566.8157959
-1.03026533127,-0.195099562407,2.07478761673,1566.86328125
-1.04760622978,-0.165600061417,2.03319501877,1566.91943359
-1.05815410614,-0.145086959004,2.00793647766,1566.94775391
-1.0768930912,-0.103372253478,1.95570254326,1566.98657227
-1.08570849895,-0.082475207746,1.92730605602,1567.02856445
-1.09762716293,-0.050180632621,1.88648939133,1567.05249023
-1.10482847691,-0.0285822097212,1.85917961597,1567.09399414
-1.11137712002,-0.00657655205578,1.83196747303,1567.11401367
-1.11797773838,0.015538835898,1.80414354801,1567.13415527
-1.12410521507,0.0379023216665,1.77587938309,1567.15820312
-1.12966191769,0.0601298511028,1.74920630455,1567.19165039
-1.13393270969,0.0826784223318,1.72324717045,1567.21618652
-1.13749241829,0.105220191181,1.69765591621,1567.24060059
-1.14014172554,0.127957895398,1.6724306345,1567.26257324
-1.14118206501,0.13912050426,1.6598136425,1567.28369141
-1.14376974106,0.173153966665,1.6221177578,1567.30932617
-1.14611101151,0.207190707326,1.5799421072,1567.34008789
-1.14603078365,0.241528719664,1.54101061821,1567.37597656
-1.1444081068,0.28752964735,1.48781394958,1567.4230957
-1.14300048351,0.310524046421,1.46101522446,1567.46618652
-1.14086174965,0.333611875772,1.43390035629,1567.49462891
-1.13790071011,0.356636226177,1.4080504179,1567.5168457
-1.13437354565,0.37926569581,1.3835132122,1567.54101562
-1.13055205345,0.401473581791,1.35564696789,1567.56555176
-1.12585139275,0.424019932747,1.32869184017,1567.58935547
-1.12031555176,0.446127593517,1.30167853832,1567.61499023
-1.11450469494,0.46835398674,1.2756819725,1567.63549805
-1.11161255836,0.479398846626,1.26181435585,1567.65625
-1.10464334488,0.501641988754,1.23531913757,1567.68041992
-1.097027421,0.523348987103,1.20857512951,1567.70373535
-1.0887106657,0.544927358627,1.18244636059,1567.72790527
-1.07997441292,0.566293179989,1.15643882751,1567.75341797
-1.07142555714,0.587302863598,1.12804806232,1567.78112793
-1.06191599369,0.608021438122,1.10099244118,1567.80456543
-1.05168247223,0.628471791744,1.07377779484,1567.82849121
-1.04102993011,0.648637473583,1.04587423801,1567.85229492
-1.02981328964,0.668861269951,1.01700520515,1567.87634277
-1.01798951626,0.687899410725,0.991963207722,1567.90332031
-1.00523746014,0.707558751106,0.964862346649,1567.92419434
-0.992308616638,0.726454555988,0.93922829628,1567.95202637
-0.978894650936,0.745307445526,0.911505162716,1567.97705078
-0.965138494968,0.763353407383,0.885151565075,1568.00683594
-0.950443804264,0.780851304531,0.861027598381,1568.03186035
-0.927983820438,0.806845128536,0.821330487728,1568.05664062
-0.912754178047,0.823731660843,0.793926656246,1568.08850098
-0.889310002327,0.847666621208,0.755125761032,1568.12182617
-0.881334900856,0.855288088322,0.743344962597,1568.14611816
-0.864987492561,0.870833516121,0.716334760189,1568.16992188
-0.848226487637,0.885824620724,0.692184746265,1568.19226074
-0.831407725811,0.90051984787,0.665658533573,1568.21899414
-0.804949939251,0.921920537949,0.626936435699,1568.2467041
-0.786895334721,0.935260951519,0.599946141243,1568.27416992
-0.768249094486,0.947736680508,0.574744880199,1568.30456543
-0.739840269089,0.965606331825,0.535599410534,1568.33361816
-0.730140805244,0.971441507339,0.521870076656,1568.35400391
-0.700797915459,0.987897932529,0.483390301466,1568.37658691
-0.681481301785,0.998320519924,0.456133425236,1568.42053223
-0.651358783245,1.01363587379,0.415688693523,1568.44641113
-0.64137506485,1.01803612709,0.404253125191,1568.46936035
-0.621049642563,1.02731716633,0.378443658352,1568.49438477
-0.600908637047,1.03625035286,0.351359307766,1568.51965332
-0.569750189781,1.04835104942,0.313470542431,1568.54418945
-0.548689484596,1.05492901802,0.289340615273,1568.5723877
-0.527006328106,1.06102490425,0.263229906559,1568.59729004
-0.505177855492,1.06588768959,0.240356773138,1568.62316895
-0.494344651699,1.0686442852,0.226664543152,1568.64318848
-0.472296178341,1.07356977463,0.201478421688,1568.66345215
-0.450292438269,1.07844138145,0.174892455339,1568.68371582
-0.42826873064,1.08285045624,0.148402124643,1568.71435547
-0.406177729368,1.08620417118,0.122007340193,1568.73510742
-0.394970417023,1.08784794807,0.108105108142,1568.75622559
-0.372489094734,1.09101057053,0.0812648236752,1568.77758789
-0.349881440401,1.09317815304,0.0543350204825,1568.80505371
-0.327011555433,1.09540212154,0.0266700610518,1568.82873535
-0.304316908121,1.09630215168,-0.000387319625588,1568.85241699
-0.281412154436,1.09631979465,-0.0280632693321,1568.87243652
-0.258711785078,1.0955337286,-0.0556657649577,1568.8984375
-0.236006230116,1.09429240227,-0.0836592540145,1568.93151855
-0.213262483478,1.0920933485,-0.10997543484,1568.95556641
-0.190443485975,1.08958017826,-0.135936826468,1568.97766113
-0.167563587427,1.08734726906,-0.164375916123,1568.99768066
-0.144781932235,1.0837379694,-0.190597489476,1569.0255127
-0.122294522822,1.07971489429,-0.217569097877,1569.04931641
-0.099960513413,1.07470655441,-0.242950186133,1569.07299805
-0.0886989235878,1.07208633423,-0.254990130663,1569.09606934
-0.0551048703492,1.06340777874,-0.29468408227,1569.12792969
-0.0332064218819,1.05721259117,-0.321136176586,1569.15258789
-0.0115043492988,1.04973709583,-0.348031371832,1569.17932129
0.0103086158633,1.04142141342,-0.372575223446,1569.19958496
0.0316429287195,1.03247559071,-0.398608624935,1569.22473145
0.0531475320458,1.02379691601,-0.425146669149,1569.25195312
0.0752069801092,1.01517033577,-0.453460991383,1569.27624512
0.117579832673,0.995802879333,-0.512398898602,1569.29992676
0.127793580294,0.99009770155,-0.525522649288,1569.34619141
0.147783100605,0.978847026825,-0.554635465145,1569.36682129
0.16753333807,0.966389298439,-0.5805362463,1569.39038086
0.187191471457,0.953870892525,-0.606711149216,1569.41186523
0.206491217017,0.940860211849,-0.63596779108,1569.43981934
0.225180789828,0.927322149277,-0.66107916832,1569.46191406
0.252606242895,0.905911266804,-0.701789438725,1569.49694824
0.270569622517,0.890962541103,-0.726763129234,1569.52258301
0.279200613499,0.883205354214,-0.738916397095,1569.54382324
0.296873122454,0.868366360664,-0.767435729504,1569.56933594
0.314001470804,0.853011190891,-0.796337544918,1569.59289551
0.330189168453,0.836613118649,-0.823267221451,1569.61730957
0.345607548952,0.819590330124,-0.850018501282,1569.64123535
0.360780507326,0.802482843399,-0.875956535339,1569.66943359
0.382456868887,0.775822937489,-0.913592219353,1569.69274902
0.389283239841,0.767360270023,-0.925507187843,1569.72033691
0.410095095634,0.740053534508,-0.965659022331,1569.74731445
0.423359662294,0.721364200115,-0.993393301964,1569.77392578
0.435685425997,0.702671706676,-1.018684268,1569.79724121
0.448821932077,0.682854056358,-1.03839325905,1569.82080078
0.454071044922,0.674096763134,-1.05607116222,1569.84411621
0.470858693123,0.644645214081,-1.09922552109,1569.86779785
0.480992943048,0.624803245068,-1.12653005123,1569.89709473
0.485828012228,0.61482000351,-1.13752102852,1569.91748047
0.495213419199,0.594373047352,-1.16438829899,1569.94274902
0.503756582737,0.573997676373,-1.18737447262,1569.96374512
0.512107312679,0.553391039371,-1.21221888065,1569.98815918
0.520089566708,0.532735526562,-1.2375459671,1570.01171875
0.528004348278,0.511797964573,-1.26522409916,1570.03552246
0.531820178032,0.501617193222,-1.27894532681,1570.05566406
0.538309693336,0.480626553297,-1.30360150337,1570.0793457
0.543754935265,0.459437429905,-1.32919061184,1570.10412598
0.548795819283,0.437804490328,-1.35315835476,1570.12854004
0.553841352463,0.416535168886,-1.38034844398,1570.15258789
0.558506608009,0.395313769579,-1.40725255013,1570.18371582
0.563727617264,0.362683057785,-1.44320333004,1570.21594238
0.566542804241,0.340884178877,-1.46697628498,1570.23657227
0.567978858948,0.329758107662,-1.48046398163,1570.25622559
0.57034611702,0.307691603899,-1.50535416603,1570.28283691
0.572450637817,0.285619527102,-1.5323472023,1570.30310059
0.573774039745,0.26335978508,-1.55856633186,1570.32653809
0.574074923992,0.230164065957,-1.59635913372,1570.35742188
0.574000954628,0.219220772386,-1.60833513737,1570.38354492
0.573092341423,0.197071328759,-1.63155150414,1570.40844727
0.571295320988,0.163616478443,-1.66904675961,1570.43249512
0.567828893661,0.130089893937,-1.70783162117,1570.46813965
0.565266013145,0.108052670956,-1.73261356354,1570.49853516
0.562142014503,0.0861449688673,-1.75949835777,1570.52441406
0.558555185795,0.0637738034129,-1.78476929665,1570.54858398
0.554787635803,0.0416693016887,-1.8131108284,1570.57348633
0.546524107456,0.0090704318136,-1.85283589363,1570.60583496
0.534581303596,-0.0339249558747,-1.90401768684,1570.64624023
0.527446568012,-0.0554953292012,-1.93092763424,1570.69543457
0.520013988018,-0.0766652300954,-1.95604908466,1570.71972656
0.511651217937,-0.0972361788154,-1.98049879074,1570.74560547
0.503021597862,-0.11790894717,-2.00648093224,1570.76916504
0.493422746658,-0.138781562448,-2.04075980186,1570.79260254
0.483941167593,-0.158849850297,-2.06252503395,1570.81640625
0.473168134689,-0.179421797395,-2.08723926544,1570.83996582
0.456388056278,-0.208605214953,-2.12760472298,1570.86865234
0.444541871548,-0.228096038103,-2.15794658661,1570.89819336
0.438543856144,-0.237885221839,-2.17306566238,1570.92102051
0.42045289278,-0.265692591667,-2.20790696144,1570.9432373
0.413633137941,-0.274585723877,-2.21902275085,1570.9675293
0.400342732668,-0.292861253023,-2.2457742691,1570.99108887
0.386465191841,-0.310518950224,-2.2715613842,1571.015625
0.372131943703,-0.327527433634,-2.29649972916,1571.03588867
0.357180714607,-0.344205826521,-2.32025885582,1571.05944824
0.342083156109,-0.360639661551,-2.34519696236,1571.08459473
0.334458887577,-0.368703126907,-2.35931301117,1571.10852051
0.310705572367,-0.392337411642,-2.39970755577,1571.13244629
0.302536696196,-0.399838358164,-2.41256952286,1571.15795898
0.286238431931,-0.414747476578,-2.44005465508,1571.17797852
0.269391357899,-0.428879320621,-2.46607732773,1571.19775391
0.260791778564,-0.435893893242,-2.47960805893,1571.21923828
0.243010982871,-0.448965787888,-2.50143432617,1571.24047852
0.226164609194,-0.463020592928,-2.5304377079,1571.2644043
0.20770727098,-0.475630998611,-2.55442619324,1571.28796387
0.189165323973,-0.487024903297,-2.57638812065,1571.31176758
0.171324953437,-0.499832481146,-2.6045665741,1571.3359375
0.152835637331,-0.512020170689,-2.63345050812,1571.36853027
0.133636832237,-0.522515296936,-2.65769886971,1571.39477539
0.11417491734,-0.532623052597,-2.68241739273,1571.41540527
0.0943614691496,-0.542054414749,-2.70682787895,1571.44055176
0.0744308531284,-0.551116764545,-2.73105096817,1571.46972656
0.0544075369835,-0.560025155544,-2.75573039055,1571.49328613
0.0341539867222,-0.568569421768,-2.78039073944,1571.51696777
0.013687139377,-0.576681435108,-2.80604076385,1571.5411377
-0.00684768287465,-0.584121823311,-2.8310956955,1571.56506348
-0.0277975779027,-0.591230750084,-2.8565723896,1571.58776855
-0.0486995764077,-0.597874104977,-2.88321328163,1571.60974121
-0.0594503730536,-0.600802004337,-2.89489507675,1571.63378906
-0.091558419168,-0.609192788601,-2.93426203728,1571.65783691
-0.112774811685,-0.614219248295,-2.96089529991,1571.68835449
-0.134377524257,-0.618668138981,-2.98610973358,1571.71411133
-0.15637460351,-0.622304499149,-3.01137924194,1571.7401123
-0.178433462977,-0.625400066376,-3.03817868233,1571.76489258
-0.200374901295,-0.627709388733,-3.06332397461,1571.78637695
-0.22251188755,-0.629850029945,-3.09054899216,1571.81567383
-0.244849264622,-0.631223082542,-3.11678099632,1571.84094238
-0.267441064119,-0.632274150848,3.13944721222,1571.86083984
-0.301362335682,-0.632694303989,3.10068035126,1571.8951416
-0.323717683554,-0.632116436958,3.07387089729,1571.92224121
-0.335066020489,-0.63138115406,3.06081414223,1571.94262695
-0.357600688934,-0.629384696484,3.03517532349,1571.96557617
-0.391105115414,-0.625876545906,2.99453186989,1571.99719238
-0.402289032936,-0.624566018581,2.98076629639,1572.01708984
-0.435695230961,-0.619408607483,2.9406812191,1572.04785156
-0.457595020533,-0.614876508713,2.9155125618,1572.07202148
-0.479728400707,-0.609855949879,2.88868451118,1572.09655762
-0.490539044142,-0.607245087624,2.87533211708,1572.11657715
-0.512299656868,-0.601226091385,2.84849715233,1572.14001465
-0.544788718224,-0.591839075089,2.80750441551,1572.16625977
-0.565984845161,-0.585260212421,2.78037142754,1572.20410156
-0.586897492409,-0.57802760601,2.75248980522,1572.2277832
-0.60718691349,-0.569246649742,2.72782111168,1572.24816895
-0.617428481579,-0.564646363258,2.7150747776,1572.26818848
-0.637392163277,-0.555342137814,2.69223499298,1572.29187012
-0.657786011696,-0.545710265636,2.66760754585,1572.31652832
-0.677915930748,-0.536140084267,2.64127135277,1572.3404541
-0.707493245602,-0.520339608192,2.6008579731,1572.37463379
-0.726679205894,-0.50854074955,2.57632446289,1572.4050293
-0.74578499794,-0.496695071459,2.55008912086,1572.43078613
-0.76470220089,-0.484306424856,2.5235991478,1572.45654297
-0.783216118813,-0.471126556396,2.49865531921,1572.4822998
-0.801613152027,-0.457522839308,2.47316622734,1572.50585938
-0.819401681423,-0.444204121828,2.4473900795,1572.5300293
-0.837101876736,-0.430082380772,2.42148685455,1572.55078125
-0.854449212551,-0.415158808231,2.39588093758,1572.57446289
-0.871242940426,-0.399932384491,2.37070870399,1572.59875488
-0.887782692909,-0.384244769812,2.34500217438,1572.63061523
-0.904027700424,-0.368035584688,2.31599450111,1572.65161133
-0.919733822346,-0.351437598467,2.29490447044,1572.67163086
-0.935377657413,-0.334818631411,2.26571774483,1572.69921875
-0.950213015079,-0.317363858223,2.23932027817,1572.72338867
-0.957658946514,-0.308479994535,2.2258503437,1572.7434082
-0.971856594086,-0.290420353413,2.19935846329,1572.76831055
-0.986028373241,-0.271858006716,2.17333889008,1572.79248047
-0.999425411224,-0.253343731165,2.14726161957,1572.81738281
-1.01292920113,-0.234601914883,2.11899662018,1572.84204102
-1.02525818348,-0.215191364288,2.09293699265,1572.86645508
-1.03743219376,-0.195898085833,2.06423258781,1572.89099121
-1.04876101017,-0.175650522113,2.03842496872,1572.91784668
-1.05906915665,-0.155026078224,2.01253557205,1572.94177246
-1.06913435459,-0.134396523237,1.98638999462,1572.96582031
-1.07870304585,-0.113486029208,1.95953738689,1572.99194336
-1.08773446083,-0.0921884328127,1.93218624592,1573.01818848
-1.09985423088,-0.0600887052715,1.89049863815,1573.04541016
-1.10725545883,-0.0381724499166,1.86426067352,1573.07214355
-1.11405801773,-0.0163492634892,1.83690524101,1573.09716797
-1.11749947071,-0.00525763584301,1.82240760326,1573.12060547
-1.12347745895,0.0168463494629,1.79511940479,1573.14489746
-1.12932193279,0.0392204783857,1.76623904705,1573.16833496
-1.13681602478,0.0727490335703,1.72584331036,1573.18823242
-1.14057195187,0.0953781306744,1.70182752609,1573.22790527
-1.14322555065,0.117594227195,1.67724537849,1573.25292969
-1.1454167366,0.140185907483,1.65293490887,1573.27319336
-1.14734780788,0.162906616926,1.62737286091,1573.29919434
-1.1488263607,0.185851365328,1.60156607628,1573.3236084
-1.14993345737,0.208352997899,1.57434821129,1573.34802246
-1.14997220039,0.231014311314,1.54789805412,1573.37219238
-1.14980506897,0.242192775011,1.53428041935,1573.39477539
-1.14883470535,0.264948427677,1.5079202652,1573.41870117
-1.14799761772,0.287905931473,1.48042798042,1573.43920898
-1.14641964436,0.310678303242,1.45433986187,1573.4597168
-1.1454693079,0.322193175554,1.44105696678,1573.48120117
-1.14217233658,0.344936668873,1.416654706,1573.50146484
-1.1383664608,0.367794454098,1.39257729053,1573.52478027
-1.13668775558,0.378959476948,1.37929797173,1573.54528809
-1.13281214237,0.401301860809,1.35168969631,1573.56555176
-1.12846136093,0.423919856548,1.3242661953,1573.58911133
-1.12331354618,0.44594168663,1.29582357407,1573.6126709
-1.11407124996,0.478917688131,1.25681567192,1573.64904785
-1.10335218906,0.51182192564,1.21664500237,1573.68371582
-1.09528958797,0.533332049847,1.19098579884,1573.70532227
-1.08713829517,0.554923772812,1.16334652901,1573.73217773
-1.07808315754,0.575603306293,1.13765120506,1573.7590332
-1.0688097477,0.596750438213,1.11069321632,1573.7878418
-1.058547616,0.617451071739,1.08403038979,1573.81164551
-1.04786813259,0.637963235378,1.05692279339,1573.84191895
-1.03148972988,0.667866885662,1.01374673843,1573.86950684
-1.01971399784,0.686945080757,0.988101303577,1573.90368652
-1.0068757534,0.706238389015,0.961558878422,1573.92773438
-0.994096398354,0.725029230118,0.935745835304,1573.94812012
-0.980744540691,0.743642628193,0.909632503986,1573.97546387
-0.967209219933,0.761929273605,0.881077528,1574.00073242
-0.952783823013,0.779273509979,0.856436431408,1574.0246582
-0.937695741653,0.796551167965,0.830655395985,1574.04846191
-0.922083377838,0.813108623028,0.806073009968,1574.07250977
-0.906736969948,0.829963088036,0.777953445911,1574.09655762
-0.890770554543,0.845353186131,0.753857195377,1574.1204834
-0.882599115372,0.853158533573,0.740955114365,1574.14611816
-0.866097211838,0.868828833103,0.715051293373,1574.16662598
-0.849120557308,0.883911669254,0.689623296261,1574.18859863
-0.832361519337,0.898676037788,0.662715375423,1574.21472168
-0.814914762974,0.913307309151,0.635997831821,1574.23962402
-0.796529114246,0.927117109299,0.611041843891,1574.26428223
-0.778142094612,0.940158903599,0.585635066032,1574.28833008
-0.759275257587,0.952623784542,0.559010565281,1574.31262207
-0.740340650082,0.964403450489,0.532330274582,1574.33654785
-0.721025288105,0.975751042366,0.505300283432,1574.3605957
-0.701105058193,0.986326575279,0.480472952127,1574.38452148
-0.681310653687,0.996578872204,0.454082518816,1574.40869141
-0.661236703396,1.00669085979,0.428295403719,1574.43359375
-0.650937438011,1.01207447052,0.412984400988,1574.45837402
-0.630601346493,1.02155649662,0.386822223663,1574.47814941
-0.609752833843,1.03054308891,0.360812366009,1574.50268555
-0.588862717152,1.03894543648,0.33516228199,1574.52722168
-0.567638814449,1.04710626602,0.309176832438,1574.55224609
-0.546293795109,1.05404293537,0.285130620003,1574.57263184
-0.535113811493,1.05763065815,0.269865065813,1574.59472656
-0.512927353382,1.06296992302,0.245984256268,1574.61572266
-0.490825593472,1.06816065311,0.219667211175,1574.64050293
-0.468360990286,1.07298672199,0.195003047585,1574.6607666
-0.457160413265,1.07539248466,0.181804642081,1574.68261719
-0.434366673231,1.07965314388,0.156252369285,1574.70556641
-0.400272428989,1.08475577831,0.115770086646,1574.73132324
-0.377096384764,1.08791160583,0.0888190940022,1574.75878906
-0.354412615299,1.09039664268,0.0601970292628,1574.7869873
-0.331208020449,1.09254336357,0.0342594496906,1574.81115723
-0.308123856783,1.09457087517,0.00358822382987,1574.83654785
-0.285009801388,1.09485030174,-0.0235810931772,1574.86682129
-0.261957019567,1.09428703785,-0.0528090335429,1574.89233398
-0.238871857524,1.09298765659,-0.0802727714181,1574.91894531
-0.215604200959,1.09083712101,-0.107117526233,1574.94335938
-0.19236472249,1.08842110634,-0.134010866284,1574.96350098
-0.16935428977,1.08575069904,-0.160916119814,1574.98840332
-0.14605216682,1.08179783821,-0.186419472098,1575.01281738
-0.123019501567,1.07745707035,-0.212410256267,1575.03601074
-0.1000078246,1.07278072834,-0.239402517676,1575.06616211
-0.0772782787681,1.06797218323,-0.265845239162,1575.0916748
-0.0544052273035,1.06225264072,-0.293364703655,1575.11621094
-0.0319111943245,1.05592775345,-0.320229887962,1575.14050293
0.00101885537151,1.0443726778,-0.359676986933,1575.17163086
0.0120892617851,1.04026818275,-0.372976541519,1575.19262695
0.0336531512439,1.0312718153,-0.399998098612,1575.21618652
0.0554525367916,1.02220821381,-0.426620960236,1575.24389648
0.0775944367051,1.01320767403,-0.454291254282,1575.26953125
0.0990701168776,1.00357270241,-0.484387427568,1575.29406738
0.13088619709,0.987441301346,-0.525171756744,1575.31738281
0.141013622284,0.981902062893,-0.540787220001,1575.34216309
0.171365231276,0.963832259178,-0.583087861538,1575.37219238
0.181313171983,0.957652449608,-0.595595657825,1575.39196777
0.20095025003,0.944606482983,-0.624964416027,1575.41638184
0.220308825374,0.931241452694,-0.651272296906,1575.4432373
0.239169374108,0.917373359203,-0.679119288921,1575.46813965
0.257151275873,0.902760565281,-0.706222832203,1575.49230957
0.274999588728,0.887450456619,-0.730041623116,1575.51647949
0.293039619923,0.872137546539,-0.757792055607,1575.54052734
0.310471653938,0.856485843658,-0.785460591316,1575.56469727
0.327027857304,0.840480089188,-0.812690556049,1575.58776855
0.342951834202,0.823494911194,-0.840805828571,1575.61022949
0.358236253262,0.806187212467,-0.865351855755,1575.63427734
0.365986347198,0.797471165657,-0.878440737724,1575.65783691
0.380825132132,0.779547870159,-0.904860377312,1575.68322754
0.395322680473,0.761742770672,-0.93248540163,1575.70800781
0.409162282944,0.743269205093,-0.957652568817,1575.73205566
0.429535776377,0.714215934277,-0.994318544865,1575.75549316
0.442407429218,0.695318937302,-1.02312147617,1575.78771973
0.454734742641,0.676502287388,-1.04922330379,1575.81347656
0.466329604387,0.658845484257,-1.08594501019,1575.83532715
0.476839751005,0.636392712593,-1.10403394699,1575.85778809
0.487429022789,0.615786492825,-1.13124799728,1575.890625
0.497189939022,0.595284700394,-1.1585842371,1575.91088867
0.506247639656,0.574444413185,-1.18077516556,1575.93640137
0.514793634415,0.553538560867,-1.20574903488,1575.96069336
0.52305918932,0.53291618824,-1.23355102539,1575.99414062
0.531365990639,0.51183205843,-1.26155138016,1576.01721191
0.538481295109,0.490323930979,-1.28722190857,1576.04077148
0.544572889805,0.46884444356,-1.31172788143,1576.06433105
0.550311625004,0.447456657887,-1.33829760551,1576.08862305
0.555522799492,0.425634086132,-1.36348700523,1576.11120605
0.560370802879,0.403917014599,-1.39074063301,1576.13830566
0.564597606659,0.382018148899,-1.41558206081,1576.16101074
0.567741215229,0.360259741545,-1.43996345997,1576.18688965
0.570583105087,0.338062107563,-1.46383154392,1576.20983887
0.573166787624,0.315863698721,-1.48977696896,1576.23413086
0.574654281139,0.304787188768,-1.50336420536,1576.25732422
0.576937973499,0.282475203276,-1.52870690823,1576.27954102
0.578206062317,0.26028329134,-1.55558073521,1576.30065918
0.579004108906,0.237935826182,-1.58170711994,1576.32458496
0.578681051731,0.215673074126,-1.60589694977,1576.34863281
0.578012526035,0.193284228444,-1.63051092625,1576.37243652
0.57713586092,0.17073123157,-1.65632843971,1576.40026855
0.576282441616,0.159368544817,-1.66872656345,1576.4206543
0.574104249477,0.137141093612,-1.69410133362,1576.44116211
0.571319162846,0.11483488977,-1.71846842766,1576.46496582
0.568186163902,0.092678591609,-1.74249696732,1576.48962402
0.565254926682,0.0702093169093,-1.76977062225,1576.5098877
0.561406910419,0.0479011051357,-1.79699718952,1576.54064941
0.556960523129,0.0254591815174,-1.82356142998,1576.56445312
0.551369905472,0.00335001409985,-1.85026097298,1576.59008789
0.545498609543,-0.0187764018774,-1.8772354126,1576.61437988
0.539250612259,-0.0408186390996,-1.90649569035,1576.63476562
0.535612940788,-0.0517851598561,-1.91736924648,1576.65661621
0.52844107151,-0.0736745148897,-1.94598042965,1576.67736816
0.520353078842,-0.0950126647949,-1.97073435783,1576.70483398
0.511535167694,-0.116173297167,-1.99756741524,1576.72851562
0.502542555332,-0.136874213815,-2.02371621132,1576.75219727
0.492227911949,-0.157074138522,-2.04931235313,1576.77648926
0.482056587934,-0.177408412099,-2.07602477074,1576.80517578
0.471234381199,-0.197592765093,-2.10151386261,1576.82788086
0.459972798824,-0.217057958245,-2.12806677818,1576.84814453
0.454190045595,-0.226739689708,-2.1412551403,1576.87084961
0.443367570639,-0.243689164519,-2.16094565392,1576.89257812
0.42942327261,-0.2651694417,-2.19397950172,1576.91381836
0.417390942574,-0.28393882513,-2.22231912613,1576.93725586
0.403565555811,-0.301788121462,-2.24716496468,1576.96057129
0.389156728983,-0.31961107254,-2.27217626572,1576.98937988
0.374713093042,-0.336616307497,-2.29669928551,1577.0123291
0.367344588041,-0.344330787659,-2.30832576752,1577.03259277
0.344770759344,-0.369986325502,-2.34698343277,1577.05993652
0.337236881256,-0.378466427326,-2.36194062233,1577.08093262
0.321371912956,-0.393815100193,-2.38724827766,1577.10253906
0.305394142866,-0.40917557478,-2.4139277935,1577.12634277
0.288513749838,-0.424579024315,-2.44165110588,1577.14941406
0.271688193083,-0.439180552959,-2.46826720238,1577.17285156
0.254068940878,-0.452994972467,-2.49279499054,1577.19628906
0.245090544224,-0.459799587727,-2.50590920448,1577.22045898
0.227358773351,-0.473312467337,-2.53161430359,1577.24462891
0.209004476666,-0.486440449953,-2.55777525902,1577.26831055
0.190674304962,-0.498932480812,-2.58383584023,1577.29272461
0.171697020531,-0.510953426361,-2.60920286179,1577.31848145
0.152604267001,-0.522639214993,-2.63572525978,1577.34338379
0.133233234286,-0.533631920815,-2.66194939613,1577.36779785
0.102926447988,-0.548168241978,-2.69896650314,1577.3996582
0.0826548859477,-0.557437837124,-2.72374272346,1577.42419434
0.0624196045101,-0.566672563553,-2.74883913994,1577.44848633
0.0420256741345,-0.576199889183,-2.7755215168,1577.47241211
0.0315578691661,-0.580677330494,-2.78931760788,1577.49230957
-0.00026344350772,-0.59231454134,-2.82688069344,1577.52575684
-0.0109409382567,-0.595970928669,-2.83951401711,1577.54589844
-0.0326463133097,-0.603075563908,-2.86608338356,1577.56884766
-0.0540911778808,-0.609508097172,-2.89180135727,1577.59521484
-0.0873230919242,-0.618368566036,-2.93118715286,1577.625
-0.109185755253,-0.623474240303,-2.95689892769,1577.6484375
-0.131501495838,-0.627805531025,-2.98252415657,1577.67224121
-0.153586685658,-0.631578981876,-3.00799012184,1577.69665527
-0.176106497645,-0.634786009789,-3.03468298912,1577.72766113
-0.198522984982,-0.637335002422,-3.06010556221,1577.7479248
-0.221138253808,-0.63963919878,-3.08749818802,1577.77148438
-0.243793979287,-0.641146659851,-3.11484527588,1577.79626465
-0.255343437195,-0.641695857048,-3.12824845314,1577.82043457
-0.278016030788,-0.642365574837,3.12792539597,1577.84411621
-0.30117842555,-0.642439305782,3.10209369659,1577.86669922
-0.324081480503,-0.641533017159,3.0756084919,1577.89123535
-0.346989452839,-0.640060007572,3.0492208004,1577.91296387
-0.369808673859,-0.638164818287,3.02181649208,1577.93688965
-0.392809450626,-0.635628223419,2.99522805214,1577.96044922
-0.415238261223,-0.632908165455,2.96684336662,1577.98449707
-0.437817037106,-0.629022240639,2.94016480446,1578.00793457
-0.460252732038,-0.62446808815,2.91340470314,1578.03491211
-0.471459627151,-0.621893465519,2.90111374855,1578.05541992
-0.493622004986,-0.616617262363,2.873067379,1578.07629395
-0.51558971405,-0.610604166985,2.84704947472,1578.09802246
-0.526540696621,-0.607520878315,2.83354496956,1578.11828613
-0.548477351665,-0.60111540556,2.80490064621,1578.14111328
-0.570212125778,-0.594225108624,2.77734017372,1578.16540527
-0.591333687305,-0.586160421371,2.75103020668,1578.18884277
-0.612274825573,-0.577282607555,2.72562527657,1578.21582031
-0.632804751396,-0.568170785904,2.70081090927,1578.24023438
-0.6535333395,-0.55871373415,2.67527937889,1578.26391602
-0.6740052104,-0.548830866814,2.65055155754,1578.29064941
-0.693966150284,-0.538370490074,2.62452292442,1578.31079102
-0.723804235458,-0.521450519562,2.58435130119,1578.33483887
-0.742944717407,-0.509440660477,2.55793595314,1578.37634277
-0.761979758739,-0.497034221888,2.5321791172,1578.40222168
-0.780903637409,-0.48441490531,2.50393724442,1578.42663574
-0.799694418907,-0.470539271832,2.48033618927,1578.45141602
-0.818073987961,-0.456385314465,2.45525240898,1578.47583008
-0.835891842842,-0.442376375198,2.42951774597,1578.50769043
-0.853802442551,-0.427824467421,2.40346765518,1578.52807617
-0.870986402035,-0.412469834089,2.37878417969,1578.55090332
-0.887844502926,-0.397073626518,2.35283708572,1578.57531738
-0.904092669487,-0.380872875452,2.32900094986,1578.59985352
-0.920116961002,-0.364358484745,2.30189752579,1578.62414551
-0.935498118401,-0.347292214632,2.27407360077,1578.65087891
-0.950725853443,-0.330096900463,2.24656128883,1578.67590332
-0.965334773064,-0.312013357878,2.22043371201,1578.69714355
-0.9725882411,-0.303084254265,2.20635485649,1578.71862793
-0.986394941807,-0.283626824617,2.18128490448,1578.73986816
-1.00093579292,-0.265746980906,2.15315532684,1578.76550293
-1.01426708698,-0.246360197663,2.12620019913,1578.79016113
-1.02713108063,-0.226664170623,2.09954094887,1578.81018066
-1.03985035419,-0.207642123103,2.07058930397,1578.83508301
-1.05123281479,-0.186928197742,2.04560828209,1578.86816406
-1.06214976311,-0.166406348348,2.01801466942,1578.89172363
-1.07212793827,-0.14556171,1.99240934849,1578.91589355
-1.08198416233,-0.124223299325,1.96536803246,1578.93896484
-1.09100317955,-0.103015400469,1.93832671642,1578.95947266
-1.09532082081,-0.0920396074653,1.9240847826,1578.98205566
-1.10354137421,-0.0703949406743,1.89706790447,1579.00537109
-1.1111727953,-0.0480073578656,1.86989498138,1579.0291748
-1.12149369717,-0.0149603877217,1.8284214735,1579.05993652
-1.12762725353,0.00742522347718,1.80068707466,1579.08459473
-1.1334528923,0.0302321631461,1.77223169804,1579.11242676
-1.13898944855,0.0525939688087,1.74604976177,1579.14282227
-1.14378321171,0.07590162009,1.71684193611,1579.16796875
-1.14860105515,0.110485985875,1.68103396893,1579.19604492
-1.15098381042,0.133498892188,1.6555403471,1579.22595215
-1.15292227268,0.156652525067,1.62961184978,1579.25073242
-1.15435826778,0.179927036166,1.60410487652,1579.27575684
-1.15557408333,0.215197384357,1.56391966343,1579.30859375
-1.1555223465,0.238237723708,1.53597760201,1579.33325195
-1.15503501892,0.250010281801,1.5227534771,1579.3581543
-1.15383708477,0.273164838552,1.49586093426,1579.38208008
-1.1526902914,0.296507894993,1.46836745739,1579.40808105
-1.15103602409,0.320256888866,1.44061207771,1579.43188477
-1.14804697037,0.343251168728,1.41509723663,1579.45227051
-1.14426231384,0.366492331028,1.38995277882,1579.48181152
-1.13811218739,0.400529950857,1.3502920866,1579.50891113
-1.13337934017,0.42320895195,1.32324552536,1579.53186035
-1.12840914726,0.445530325174,1.2941390276,1579.56213379
-1.11940288544,0.479078322649,1.25327193737,1579.59436035
-1.1120377779,0.501057863235,1.22827875614,1579.62133789
-1.10418462753,0.522892355919,1.20181798935,1579.64770508
-1.09593737125,0.544332623482,1.17571532726,1579.67114258
-1.09179961681,0.555406689644,1.16099202633,1579.69494629
-1.0780698061,0.587179660797,1.12128257751,1579.72424316
-1.06825053692,0.608329534531,1.09420359135,1579.74938965
-1.05760240555,0.628872811794,1.06828820705,1579.77978516
-1.04681885242,0.649138092995,1.03915631771,1579.80407715
-1.0352281332,0.669349491596,1.01053750515,1579.82861328
-1.02305006981,0.688652575016,0.98440682888,1579.85229492
-1.00993525982,0.708187282085,0.958373963833,1579.8795166
-0.996964335442,0.727622210979,0.930704474449,1579.90429688
-0.983176290989,0.746588468552,0.903523683548,1579.92419434
-0.961507201195,0.773942232132,0.864226877689,1579.95214844
-0.946167945862,0.79166162014,0.839071035385,1579.9934082
-0.930674314499,0.809055507183,0.812873840332,1580.01379395
-0.914926290512,0.826362967491,0.784781575203,1580.03686523
-0.898709952831,0.842763066292,0.75800204277,1580.05993652
-0.882372796535,0.858288705349,0.732886731625,1580.08435059
-0.873583912849,0.866125524044,0.719908058643,1580.10742188
-0.856731951237,0.881183087826,0.69334435463,1580.12854004
-0.839230179787,0.896633446217,0.667973816395,1580.15222168
-0.821691870689,0.911778986454,0.63929104805,1580.17321777
-0.803350508213,0.925717592239,0.614545583725,1580.2010498
-0.784541666508,0.939339399338,0.587465882301,1580.22192383
-0.774724900723,0.945764839649,0.574706315994,1580.24206543
-0.755443394184,0.958540320396,0.547223925591,1580.26708984
-0.735928952694,0.970486879349,0.51978456974,1580.29199219
-0.715932488441,0.981436192989,0.495085716248,1580.31225586
-0.695838928223,0.992710649967,0.466772705317,1580.33532715
-0.675369203091,1.00282967091,0.439754366875,1580.359375
-0.654539108276,1.01317894459,0.411800801754,1580.39025879
-0.633810341358,1.0226829052,0.385145097971,1580.41455078
-0.612810015678,1.03199017048,0.358310312033,1580.43469238
-0.602233231068,1.03617060184,0.345964342356,1580.45471191
-0.580879151821,1.04449558258,0.319928735495,1580.47924805
-0.559420049191,1.05187678337,0.294949382544,1580.5032959
-0.537397861481,1.05857992172,0.268387585878,1580.52490234
-0.515074074268,1.0640809536,0.243521004915,1580.5489502
-0.481320440769,1.07198286057,0.203879773617,1580.57263184
-0.458810716867,1.07694840431,0.178285583854,1580.6105957
-0.435868322849,1.08128046989,0.152853906155,1580.63671875
-0.412655830383,1.08452129364,0.127168476582,1580.66235352
-0.389460980892,1.08782601357,0.0989115536213,1580.68713379
-0.366148203611,1.09056425095,0.0713752880692,1580.71228027
-0.342518925667,1.09280371666,0.0433348193765,1580.73657227
-0.31885933876,1.09521353245,0.0127273593098,1580.76074219
-0.306933701038,1.09550285339,-0.000654823728837,1580.78076172
-0.271417915821,1.09584593773,-0.0440608225763,1580.80419922
-0.247837781906,1.09447038174,-0.07140442729,1580.83422852
-0.223991319537,1.09261977673,-0.0998424068093,1580.8651123
-0.200137361884,1.09009110928,-0.127006739378,1580.88818359
-0.176740318537,1.08771061897,-0.155660331249,1580.91149902
-0.153038352728,1.08431684971,-0.182419762015,1580.93713379
-0.129843041301,1.07972073555,-0.20936883986,1580.96655273
-0.106409214437,1.07500183582,-0.23594725132,1580.98779297
-0.08304515481,1.06941378117,-0.260814219713,1581.00976562
-0.0596509128809,1.06377899647,-0.289952635765,1581.03540039
-0.0365345068276,1.05771970749,-0.317780733109,1581.05908203
-0.0251472108066,1.05399441719,-0.331023961306,1581.08203125
-0.00220635649748,1.04615807533,-0.358183592558,1581.10705566
0.0203329138458,1.03739416599,-0.385079354048,1581.13208008
0.0427638143301,1.02841520309,-0.412436008453,1581.15539551
0.0765471979976,1.01428747177,-0.454926788807,1581.18249512
0.0987682268023,1.00428307056,-0.485883593559,1581.21594238
0.120515190065,0.993645608425,-0.515143215656,1581.23608398
0.141620650887,0.981982350349,-0.543814182281,1581.25878906
0.162582933903,0.96941947937,-0.572370529175,1581.28356934
0.183078199625,0.956714391708,-0.599966585636,1581.31335449
0.203355938196,0.94340634346,-0.631205439568,1581.33642578
0.213222876191,0.93646723032,-0.643295705318,1581.35668945
0.232773408294,0.922196745872,-0.67066937685,1581.3807373
0.251831769943,0.907277703285,-0.698909401894,1581.40539551
0.270443737507,0.891928553581,-0.724085092545,1581.42578125
0.279552102089,0.883642792702,-0.736380755901,1581.44580078
0.298233002424,0.867876708508,-0.765267908573,1581.46679688
0.316190063953,0.851718664169,-0.794838607311,1581.49572754
0.333282738924,0.834564268589,-0.823063671589,1581.51696777
0.349485695362,0.816627681255,-0.850501418114,1581.53991699
0.365498900414,0.798551380634,-0.876802027225,1581.56298828
0.373356372118,0.789581000805,-0.889953553677,1581.58300781
0.388244569302,0.770787298679,-0.918087899685,1581.60595703
0.402986258268,0.752097547054,-0.944060862064,1581.62988281
0.417521446943,0.732402086258,-0.969754576683,1581.65405273
0.43152487278,0.711468398571,-0.995011925697,1581.67736816
0.444503843784,0.692982137203,-1.02564620972,1581.703125
0.457289665937,0.673000097275,-1.05061638355,1581.7265625
0.469792544842,0.652161061764,-1.08394670486,1581.74816895
0.480722397566,0.631091475487,-1.11016905308,1581.77490234
0.4913649261,0.608207702637,-1.13336443901,1581.80688477
0.506049454212,0.577955126762,-1.17585551739,1581.84033203
0.514652490616,0.55636960268,-1.20264923573,1581.86462402
0.52336537838,0.533572375774,-1.22878587246,1581.88781738
0.531755566597,0.512500584126,-1.2588301897,1581.90917969
0.535708367825,0.5016477108,-1.27223944664,1581.93273926
0.542899370193,0.479556471109,-1.29884338379,1581.9564209
0.548909664154,0.45702445507,-1.32530558109,1581.98010254
0.554530918598,0.434403002262,-1.35098314285,1582.00354004
0.560039937496,0.41177636385,-1.37951099873,1582.02783203
0.564678490162,0.389152646065,-1.40523207188,1582.05725098
0.56849694252,0.366260260344,-1.43117034435,1582.08093262
0.571603536606,0.343457341194,-1.45649278164,1582.1015625
0.575726091862,0.308820217848,-1.49555873871,1582.13598633
0.578117012978,0.285656362772,-1.52200829983,1582.16638184
0.57968300581,0.26260471344,-1.54951155186,1582.18981934
0.580669999123,0.239465996623,-1.57615065575,1582.21435547
0.580397486687,0.216172799468,-1.60109245777,1582.23510742
0.579838514328,0.192776575685,-1.62594664097,1582.25585938
0.579577922821,0.180993884802,-1.63857841492,1582.28369141
0.57740932703,0.146056890488,-1.67893600464,1582.30834961
0.574809491634,0.122727774084,-1.70529687405,1582.34558105
0.572057187557,0.0995265394449,-1.73228573799,1582.36975098
0.567361354828,0.0646527037024,-1.77325713634,1582.39355469
0.562993347645,0.0414148941636,-1.80061638355,1582.42651367
0.555071949959,0.00689549837261,-1.84141361713,1582.45544434
0.548923194408,-0.0160485040396,-1.86905288696,1582.484375
0.542937815189,-0.0384121648967,-1.90268933773,1582.5090332
0.535565078259,-0.0616542622447,-1.92240059376,1582.53259277
0.528140485287,-0.0839322805405,-1.95077955723,1582.56103516
0.519748210907,-0.105997756124,-1.97765791416,1582.59375
0.510357379913,-0.127745181322,-2.00379180908,1582.61779785
0.500358521938,-0.149179205298,-2.02990269661,1582.64294434
0.490240395069,-0.170281052589,-2.0591340065,1582.66796875
0.47929623723,-0.191281601787,-2.08714175224,1582.69238281
0.467545241117,-0.211711212993,-2.11323642731,1582.71606445
0.449669331312,-0.242083460093,-2.15541028976,1582.74975586
0.436940193176,-0.261834621429,-2.18226242065,1582.77319336
0.424296826124,-0.281314015388,-2.21036529541,1582.79650879
0.410437017679,-0.300343960524,-2.23598694801,1582.83276367
0.396018326283,-0.318968802691,-2.26167631149,1582.85693359
0.381184577942,-0.337064474821,-2.28818273544,1582.88195801
0.365714490414,-0.3548579216,-2.31400966644,1582.90625
0.350530713797,-0.372120946646,-2.34214282036,1582.92932129
0.334214776754,-0.388889074326,-2.36881709099,1582.95715332
0.30889415741,-0.412866294384,-2.40952301025,1582.98278809
0.300394296646,-0.420777201653,-2.423412323,1583.00549316
0.283115118742,-0.436251014471,-2.45091032982,1583.02600098
0.265093952417,-0.451093316078,-2.4771168232,1583.05249023
0.247093692422,-0.465608507395,-2.50509929657,1583.078125
0.228396326303,-0.479981601238,-2.53058195114,1583.09899902
0.209200635552,-0.493415296078,-2.55690956116,1583.12243652
0.199540883303,-0.500554203987,-2.57098221779,1583.14245605
0.180182501674,-0.513094544411,-2.59767389297,1583.16967773
0.160356253386,-0.525336027145,-2.62592434883,1583.1940918
0.140494868159,-0.537163496017,-2.65377664566,1583.21948242
0.11976133287,-0.548100471497,-2.67890882492,1583.24377441
0.087733104825,-0.56254285574,-2.71681952477,1583.26428223
0.0665473490953,-0.571796238422,-2.741543293,1583.29956055
0.0558561049402,-0.576732337475,-2.75481057167,1583.31945801
0.0343724936247,-0.58634108305,-2.7828347683,1583.34313965
0.0125800324604,-0.595200002193,-2.80992364883,1583.36938477
-0.00940159056336,-0.603465437889,-2.83759689331,1583.39587402
-0.0431303270161,-0.613972663879,-2.87708640099,1583.42272949
-0.0658205747604,-0.620405554771,-2.90372896194,1583.44775391
-0.0887120068073,-0.626361727715,-2.93085932732,1583.4786377
-0.111474692822,-0.631954967976,-2.95878815651,1583.50769043
-0.134615823627,-0.636566638947,-2.9852347374,1583.53210449
-0.158270746469,-0.640142798424,-3.01082992554,1583.55639648
-0.181569769979,-0.64311593771,-3.03665852547,1583.58068848
-0.205002605915,-0.64580321312,-3.06432080269,1583.60461426
-0.228506565094,-0.648015081882,-3.09263062477,1583.62902832
-0.251893669367,-0.6495423913,-3.12088274956,1583.65270996
-0.275280714035,-0.65067255497,3.13432168961,1583.67773438
-0.299150615931,-0.650944411755,3.10681009293,1583.70141602
-0.322557389736,-0.650369882584,3.07959079742,1583.72509766
-0.346249222755,-0.648691952229,3.05349588394,1583.74902344
-0.381672292948,-0.645678341389,3.01211667061,1583.77246094
-0.404872685671,-0.643434166908,2.98343420029,1583.82128906
-0.427999973297,-0.63994538784,2.95557236671,1583.84118652
-0.45103430748,-0.635544657707,2.92895245552,1583.8671875
-0.485575675964,-0.627503812313,2.88960719109,1583.89709473
-0.508327126503,-0.62181699276,2.86212921143,1583.92541504
-0.530790627003,-0.615513384342,2.8354613781,1583.9498291
-0.553542256355,-0.609436750412,2.806173563,1583.97900391
-0.575832724571,-0.602309584618,2.777541399,1584.00354004
-0.597799777985,-0.593891918659,2.75034403801,1584.02734375
-0.619444847107,-0.584569752216,2.72495341301,1584.05285645
-0.641129612923,-0.575031995773,2.69844675064,1584.07946777
-0.662705361843,-0.565163314342,2.67252898216,1584.10595703
-0.683973312378,-0.554898619652,2.64587163925,1584.12658691
-0.704892098904,-0.543872892857,2.61909341812,1584.14978027
-0.725520551205,-0.53187173605,2.59199380875,1584.17993164
-0.745661854744,-0.519449234009,2.56506276131,1584.20605469
-0.775710761547,-0.500155687332,2.52452921867,1584.23779297
-0.795454204082,-0.4865886271,2.49712133408,1584.26147461
-0.814774990082,-0.472487181425,2.47079491615,1584.28515625
-0.83345323801,-0.457528054714,2.44580078125,1584.30908203
-0.842892050743,-0.450259238482,2.43244481087,1584.33276367
-0.8705919981,-0.427610069513,2.39149808884,1584.35705566
-0.888232886791,-0.411736994982,2.3634557724,1584.38452148
-0.905490994453,-0.395096421242,2.3366048336,1584.40893555
-0.913597762585,-0.387008965015,2.32545185089,1584.43249512
-0.93867123127,-0.360352426767,2.28175806999,1584.46154785
-0.954419195652,-0.342115432024,2.25518369675,1584.49084473
-0.969729661942,-0.323749214411,2.22648978233,1584.51574707
-0.984874665737,-0.304512441158,2.19946789742,1584.54016113
-0.999751508236,-0.285198807716,2.1708343029,1584.56433105
-1.01442480087,-0.2657122612,2.14062952995,1584.58789062
-1.02773571014,-0.245572701097,2.11388731003,1584.60864258
-1.0348097086,-0.235385298729,2.09891414642,1584.63134766
-1.04743647575,-0.214763268828,2.07099795341,1584.65380859
-1.05945813656,-0.193271771073,2.0452606678,1584.67724609
-1.07087051868,-0.171784549952,2.01856350899,1584.70117188
-1.08135664463,-0.15002900362,1.99118435383,1584.72692871
-1.09157156944,-0.127693742514,1.96310400963,1584.74731445
-1.0963858366,-0.116688780487,1.94874286652,1584.76855469
-1.10554397106,-0.0939102992415,1.92076516151,1584.79406738
-1.11844599247,-0.0598896890879,1.8760368824,1584.83239746
-1.12949466705,-0.0248756315559,1.8321801424,1584.86157227
-1.13575768471,-0.00153683626559,1.80424666405,1584.88427734
-1.14487528801,0.0341560207307,1.76100254059,1584.9239502
-1.15039372444,0.0576207228005,1.73288857937,1584.94958496
-1.1546639204,0.0819728299975,1.7059623003,1584.97705078
-1.15787339211,0.105779819191,1.68003261089,1585.00097656
-1.16030263901,0.129826337099,1.65406346321,1585.02844238
-1.16247224808,0.153697088361,1.62722635269,1585.05224609
-1.16396272182,0.177918806672,1.60094034672,1585.07592773
-1.16516578197,0.202058315277,1.57199537754,1585.1036377
-1.16500234604,0.226404458284,1.54497253895,1585.12792969
-1.16443312168,0.250283569098,1.51611280441,1585.15014648
-1.16296005249,0.274465769529,1.4890743494,1585.17382812
-1.16153812408,0.298490852118,1.46057510376,1585.20361328
-1.15830719471,0.33498698473,1.41834127903,1585.23413086
-1.15446138382,0.358774274588,1.392172575,1585.2611084
-1.15026807785,0.382628649473,1.36515939236,1585.28503418
-1.14561104774,0.406015098095,1.3369218111,1585.3104248
-1.14319419861,0.417476177216,1.32287669182,1585.33300781
-1.13514077663,0.452674746513,1.27921235561,1585.35839844
-1.12869572639,0.47566267848,1.25154054165,1585.38464355
-1.12096965313,0.498507708311,1.22464597225,1585.4185791
-1.10845816135,0.532364368439,1.18432092667,1585.44384766
-1.10430085659,0.543585896492,1.17014360428,1585.46765137
-1.09038388729,0.576987087727,1.12863504887,1585.4979248
-1.08039367199,0.598496973515,1.10084438324,1585.52160645
-1.07510852814,0.609672963619,1.08632814884,1585.54553223
-1.06391763687,0.630558252335,1.05984354019,1585.56982422
-1.05244004726,0.651344716549,1.03048312664,1585.59375
-1.0405330658,0.671845972538,1.00152671337,1585.61767578
-1.02766931057,0.69185012579,0.974683940411,1585.64050293
-1.01424348354,0.711712121964,0.947544813156,1585.66711426
-1.00050580502,0.731606423855,0.918918430805,1585.69152832
-0.986499607563,0.751194834709,0.88954269886,1585.71154785
-0.979245722294,0.760386526585,0.876463115215,1585.73181152
-0.96430683136,0.778857409954,0.850067079067,1585.75500488
-0.948096811771,0.796514451504,0.825980007648,1585.78100586
-0.932053506374,0.813556492329,0.798986554146,1585.80358887
-0.915590107441,0.830787479877,0.771425962448,1585.82421875
-0.899063467979,0.84738612175,0.743998169899,1585.84814453
-0.882007777691,0.863435149193,0.718597233295,1585.87255859
-0.86430555582,0.878984391689,0.6926035285,1585.89868164
-0.84648501873,0.894738376141,0.666075110435,1585.9284668
-0.828518748283,0.909508526325,0.63831192255,1585.95288086
-0.809759259224,0.924352824688,0.611462414265,1585.97705078
-0.790595948696,0.938153207302,0.584190189838,1585.99768066
