1.42340958118,-0.109863564372,2.54962396622,351.975799561
1.40706193447,-0.0977781787515,2.56837391853,351.999298096
1.33857536316,-0.05202633515,2.64379620552,352.019989014
1.3114066124,-0.0358782708645,2.67348670959,352.136810303
1.29267382622,-0.0260517969728,2.69344878197,352.164978027
1.27347707748,-0.016756914556,2.71051859856,352.188964844
1.21523964405,0.0101111093536,2.76375794411,352.21572876
1.19557571411,0.0188187267631,2.78557467461,352.285186768
1.17582142353,0.026908043772,2.80449533463,352.307891846
1.16560554504,0.0308609865606,2.81325221062,352.330169678
1.14525926113,0.0387139134109,2.83348107338,352.355529785
1.12487185001,0.0461853928864,2.85427474976,352.379974365
1.10422980785,0.0531116500497,2.87396645546,352.404449463
1.07236206532,0.0623119585216,2.90039682388,352.435241699
1.05105960369,0.0683147981763,2.92226862907,352.459716797
1.02917051315,0.0737419947982,2.94094014168,352.48739624
1.00770771503,0.0787437930703,2.96027350426,352.511474609
0.985861778259,0.0833831876516,2.97994494438,352.533172607
0.963923156261,0.0875412300229,2.99961924553,352.557495117
0.952903330326,0.0896831825376,3.01019954681,352.580413818
0.930668234825,0.0925460755825,3.02723741531,352.604736328
0.908312320709,0.0960327610373,3.04842853546,352.625
0.885885596275,0.098622046411,3.06725668907,352.646484375
0.863001048565,0.101107306778,3.08842563629,352.670928955
0.840233147144,0.102937661111,3.10901212692,352.693756104
0.828850328922,0.103577978909,3.11943531036,352.717346191
0.806103467941,0.104886740446,3.14028120041,352.737609863
0.782803058624,0.10580150038,-3.12242078781,352.758148193
0.771498143673,0.106274291873,-3.11177182198,352.780578613
0.748279511929,0.106154635549,-3.09225821495,352.800598145
0.725015938282,0.105272382498,-3.07235574722,352.824462891
0.70229780674,0.103975147009,-3.05234789848,352.84854126
0.67921859026,0.102367989719,-3.03266263008,352.872619629
0.667351365089,0.101467587054,-3.02319812775,352.89263916
0.644672572613,0.0995700284839,-3.00242161751,352.914398193
0.62150812149,0.0973958447576,-2.97997498512,352.934265137
0.598183572292,0.0942439883947,-2.96018433571,352.953948975
0.57552164793,0.0911753177643,-2.93661904335,352.983581543
0.56433224678,0.089362822473,-2.92512869835,353.003509521
0.541398704052,0.0850759446621,-2.90406394005,353.024200439
0.518658995628,0.0800880864263,-2.88349699974,353.04876709
0.495900452137,0.0745858699083,-2.86239242554,353.075469971
0.473409891129,0.0685558840632,-2.84381890297,353.095550537
0.461967438459,0.0655832141638,-2.83221793175,353.116577148
0.439605176449,0.0589283555746,-2.81194519997,353.136535645
0.416903406382,0.0522696711123,-2.79098010063,353.161315918
0.394389241934,0.0448304228485,-2.77140569687,353.187072754
0.371892809868,0.0369638502598,-2.75025844574,353.213104248
0.349978268147,0.0283752847463,-2.73081445694,353.236999512
0.327721983194,0.0196695551276,-2.71066904068,353.260864258
0.305995643139,0.0104441586882,-2.6908864975,353.29083252
0.28475189209,0.000840307737235,-2.67046332359,353.315338135
0.263213425875,-0.00976108852774,-2.65071749687,353.336456299
0.242315083742,-0.0208457130939,-2.6302549839,353.356536865
0.221590131521,-0.0323290862143,-2.61032795906,353.382415771
0.210992187262,-0.037868604064,-2.59833431244,353.405151367
0.189864546061,-0.0492703728378,-2.57596468925,353.429138184
0.169162303209,-0.0611818768084,-2.55487084389,353.453643799
0.138565585017,-0.0800559595227,-2.52215409279,353.487091064
0.118606507778,-0.0931497588754,-2.50090909004,353.51184082
0.0983425453305,-0.106180809438,-2.47804021835,353.536407471
0.0788303315639,-0.120254479349,-2.45721697807,353.560424805
0.0597572401166,-0.134435862303,-2.4352042675,353.5887146
0.0410130508244,-0.149767488241,-2.41448998451,353.612457275
0.0226148646325,-0.165475055575,-2.39314579964,353.635742188
0.00450503220782,-0.181793034077,-2.37337136269,353.659057617
-0.00440509803593,-0.189774349332,-2.3609585762,353.679595947
-0.0306937750429,-0.215021774173,-2.32936906815,353.703155518
-0.0480412021279,-0.232228219509,-2.30844855309,353.73614502
-0.0647441670299,-0.250027477741,-2.28719973564,353.760162354
-0.081053853035,-0.267861008644,-2.26624011993,353.783935547
-0.0971720665693,-0.28598728776,-2.24477720261,353.817962646
-0.113002352417,-0.304346770048,-2.22394061089,353.837738037
-0.128497451544,-0.323205292225,-2.20186543465,353.859954834
-0.142986372113,-0.342482745647,-2.18205094337,353.88394165
-0.157382071018,-0.361844539642,-2.15968585014,353.908325195
-0.171695426106,-0.381794810295,-2.1370511055,353.932678223
-0.185102403164,-0.401925414801,-2.11608934402,353.956359863
-0.198080956936,-0.422694504261,-2.09629702568,353.980529785
-0.210565000772,-0.443371325731,-2.07581758499,354.009399414
-0.223308056593,-0.464460968971,-2.05451416969,354.031341553
-0.229380220175,-0.475024789572,-2.04431986809,354.054626465
-0.241045758128,-0.496279329062,-2.02412700653,354.079620361
-0.2579613626,-0.528487324715,-1.99265635014,354.118103027
-0.268551886082,-0.55029964447,-1.97096896172,354.142547607
-0.278662264347,-0.572377443314,-1.95001196861,354.167175293
-0.288537204266,-0.594469726086,-1.92704856396,354.191040039
-0.297949433327,-0.616916716099,-1.90505206585,354.214630127
-0.306908935308,-0.639839410782,-1.88420391083,354.236663818
-0.315017819405,-0.662679612637,-1.86241793633,354.259490967
-0.322441458702,-0.685935497284,-1.84086430073,354.281921387
-0.326005071402,-0.697486817837,-1.83037424088,354.305664062
-0.33299934864,-0.721071660519,-1.80914700031,354.329772949
-0.339552998543,-0.744696438313,-1.78803694248,354.354003906
-0.345627069473,-0.768369138241,-1.7671033144,354.377990723
-0.351755261421,-0.791763961315,-1.74329268932,354.402709961
-0.356733679771,-0.815780758858,-1.72286856174,354.423065186
-0.361350804567,-0.839737415314,-1.69997370243,354.447784424
-0.365117281675,-0.863917469978,-1.67895317078,354.472564697
-0.368432313204,-0.887917399406,-1.65737748146,354.496124268
-0.371569246054,-0.911863207817,-1.63595676422,354.519012451
-0.372767478228,-0.924196064472,-1.62573170662,354.539489746
-0.374932527542,-0.94844609499,-1.60497248173,354.563781738
-0.376490622759,-0.972411215305,-1.58437550068,354.589294434
-0.377498477697,-0.9967648983,-1.56282687187,354.610321045
-0.377858817577,-1.00893092155,-1.55151987076,354.630981445
-0.377722471952,-1.04545629025,-1.51878798008,354.65612793
-0.377542763948,-1.05774152279,-1.5076944828,354.680511475
-0.37660586834,-1.08205401897,-1.484629035,354.703796387
-0.375482112169,-1.10630595684,-1.46353030205,354.724731445
-0.373940587044,-1.13086271286,-1.44299066067,354.745056152
-0.371591240168,-1.15523803234,-1.42148780823,354.769714355
-0.368531256914,-1.17952156067,-1.3997875452,354.795043945
-0.365421801805,-1.20384597778,-1.37792778015,354.820037842
-0.36165574193,-1.22818100452,-1.3563709259,354.844329834
-0.3595482409,-1.2401458025,-1.34611284733,354.867767334
-0.354012280703,-1.2641787529,-1.32603049278,354.890686035
-0.348368108273,-1.28776836395,-1.30603635311,354.915405273
-0.339854180813,-1.32313299179,-1.27441906929,354.944824219
-0.336966991425,-1.33511030674,-1.26205956936,354.968139648
-0.330142050982,-1.35843241215,-1.24091470242,354.991027832
-0.322909235954,-1.38171744347,-1.21869969368,355.01449585
-0.315336108208,-1.40507292747,-1.19762408733,355.034667969
-0.30759242177,-1.42820560932,-1.1758326292,355.064697266
-0.299491167068,-1.45168209076,-1.15446782112,355.084655762
-0.263957560062,-1.52930271626,-1.08336889744,355.115753174
-0.247731998563,-1.56286501884,-1.04788839817,355.209320068
-0.230207800865,-1.59546196461,-1.01414322853,355.243377686
-0.217575713992,-1.61682927608,-0.993201673031,355.27633667
-0.198476463556,-1.64846253395,-0.961522638798,355.311004639
-0.185434952378,-1.66943967342,-0.939985454082,355.339385986
-0.172014981508,-1.69021224976,-0.918825268745,355.364349365
-0.157525405288,-1.71031522751,-0.897533357143,355.388122559
-0.142649322748,-1.72978591919,-0.875124454498,355.408233643
-0.134817644954,-1.73931562901,-0.865177333355,355.430755615
-0.119580410421,-1.75878322124,-0.841072618961,355.452301025
-0.103369109333,-1.77771043777,-0.81908839941,355.473358154
-0.0869930014014,-1.79613673687,-0.797357738018,355.496826172
-0.0698518007994,-1.81431639194,-0.775095641613,355.522583008
-0.052542667836,-1.83215403557,-0.752878844738,355.544372559
-0.0261887554079,-1.85831725597,-0.720303714275,355.567474365
-0.00826674792916,-1.87582111359,-0.696367621422,355.6144104
0.0197674650699,-1.90047740936,-0.66352814436,355.644134521
0.0291455760598,-1.9087382555,-0.650541543961,355.666442871
0.0490682423115,-1.92392528057,-0.631211638451,355.690185547
0.0690042302012,-1.93827712536,-0.608352720737,355.714569092
0.0891440659761,-1.95297682285,-0.585638523102,355.734924316
0.109701283276,-1.96734976768,-0.566708981991,355.758789062
0.130519449711,-1.98045253754,-0.548807919025,355.783843994
0.151046335697,-1.99363589287,-0.527494072914,355.808044434
0.172352284193,-2.00695991516,-0.505104064941,355.831695557
0.193906784058,-2.02001905441,-0.481027781963,355.854003906
0.204500466585,-2.02548861504,-0.472677260637,355.881072998
0.22660972178,-2.03769278526,-0.449369251728,355.902038574
0.248829901218,-2.04848003387,-0.428350389004,355.921691895
0.271478950977,-2.05921792984,-0.405810683966,355.945037842
0.283181995153,-2.06440615654,-0.399051874876,355.96697998
0.305670022964,-2.0745112896,-0.376894980669,355.988922119
0.328462004662,-2.08396887779,-0.354727596045,356.010864258
0.352303296328,-2.09296512604,-0.339903891087,356.035888672
0.375069379807,-2.1025993824,-0.314081400633,356.059906006
0.398583799601,-2.11164021492,-0.288621604443,356.083953857
0.43384629488,-2.12331771851,-0.255249500275,356.11920166
0.457959383726,-2.13048863411,-0.230258271098,356.143951416
0.4820997715,-2.13704156876,-0.2058224231,356.171936035
0.506455481052,-2.14295101166,-0.18262656033,356.19631958
0.531004369259,-2.14802384377,-0.163380891085,356.224060059
0.568137168884,-2.15523147583,-0.131941139698,356.258056641
0.592911660671,-2.1589345932,-0.106283649802,356.291259766
0.629691302776,-2.16369390488,-0.0713187158108,356.321411133
0.654990971088,-2.16630864143,-0.0548862628639,356.345336914
0.667390346527,-2.16740632057,-0.0433812141418,356.36517334
0.692097306252,-2.16916370392,-0.0219820607454,356.387939453
0.716954231262,-2.17073202133,0.00185113796033,356.412780762
0.741829812527,-2.17130494118,0.0228622350842,356.436401367
0.766320168972,-2.17142629623,0.0483442880213,356.465393066
0.791257560253,-2.17117357254,0.069908477366,356.489318848
0.816012382507,-2.17002749443,0.0879598110914,356.514434814
0.84076654911,-2.16846632957,0.110485911369,356.534729004
0.865911006927,-2.16589641571,0.127887576818,356.557250977
0.878964006901,-2.16519546509,0.136393457651,356.580810547
0.903197348118,-2.16231584549,0.162354037166,356.600494385
0.927792310715,-2.1590731144,0.184370607138,356.623901367
0.952907025814,-2.15509653091,0.207196295261,356.643890381
0.977516174316,-2.15060329437,0.229282811284,356.671142578
0.989633500576,-2.14802598953,0.240072056651,356.69140625
1.01396489143,-2.14244222641,0.260855287313,356.711547852
1.03850591183,-2.13753938675,0.287508785725,356.731933594
1.06175708771,-2.13112092018,0.315489411354,356.756713867
1.07525515556,-2.12829828262,0.319224327803,356.780883789
1.09877681732,-2.12157225609,0.342878162861,356.804595947
1.12270736694,-2.11380243301,0.364000201225,356.828521729
1.14604997635,-2.1051094532,0.385640352964,356.85244751
1.16930854321,-2.09697270393,0.410189211369,356.876251221
1.19251453876,-2.08717894554,0.430927306414,356.903381348
1.21531069279,-2.07736945152,0.454324305058,356.928192139
1.24954712391,-2.06234526634,0.488019913435,356.948028564
1.27164053917,-2.0513958931,0.50854498148,356.977874756
1.29364871979,-2.03969764709,0.529235780239,357.015594482
1.31571662426,-2.02803301811,0.55117893219,357.040039062
1.33763003349,-2.01578593254,0.572730839252,357.064819336
1.36923110485,-1.99616038799,0.604391038418,357.088317871
1.40072464943,-1.97525465488,0.635647177696,357.132781982
1.42106592655,-1.96030008793,0.656689226627,357.159820557
1.4412560463,-1.94546842575,0.678323924541,357.184356689
1.45827460289,-1.92650485039,0.685239136219,357.208221436
1.48145031929,-1.91524219513,0.727658212185,357.231719971
1.5011049509,-1.89950942993,0.749076664448,357.257415771
1.51979196072,-1.88267302513,0.769036054611,357.287780762
1.53879845142,-1.86647236347,0.793642044067,357.308654785
1.55713534355,-1.84915018082,0.81453871727,357.337127686
1.57516539097,-1.8320953846,0.837878465652,357.360687256
1.59275853634,-1.8143415451,0.86059486866,357.386291504
1.60913932323,-1.79568016529,0.882197916508,357.410064697
1.61802113056,-1.78653240204,0.894558429718,357.430267334
1.63407504559,-1.76753425598,0.914235293865,357.453582764
1.64985108376,-1.74802231789,0.936260044575,357.478546143
1.6646873951,-1.72831642628,0.95824688673,357.501098633
1.67991530895,-1.70830178261,0.983110904694,357.520629883
1.6939047575,-1.68774366379,1.00416147709,357.546905518
1.70828914642,-1.66725087166,1.02655208111,357.56741333
1.71466982365,-1.65715956688,1.03591275215,357.592315674
1.7285554409,-1.63652718067,1.05723631382,357.612243652
1.74138140678,-1.61464381218,1.08309078217,357.6355896
1.75375640392,-1.59338080883,1.10433530807,357.66027832
1.7654889822,-1.571626544,1.12399101257,357.681671143
1.77120280266,-1.5608638525,1.13400685787,357.70501709
1.78784990311,-1.52792131901,1.16490900517,357.739593506
1.79786765575,-1.50491774082,1.18746054173,357.764190674
1.80777931213,-1.48292148113,1.2078691721,357.787994385
1.81730318069,-1.46034002304,1.22921395302,357.808624268
1.82130646706,-1.44838654995,1.2401714325,357.828399658
1.82979607582,-1.42743575573,1.26017475128,357.848480225
1.83766591549,-1.402805686,1.28364992142,357.879699707
1.84530031681,-1.37939214706,1.3016616106,357.899719238
1.85278129578,-1.35613691807,1.32151019573,357.919616699
1.85656249523,-1.34465396404,1.33167660236,357.940795898
1.86348032951,-1.32097363472,1.35180020332,357.9637146
1.86957895756,-1.29807412624,1.37330651283,357.986236572
1.87497353554,-1.27401745319,1.39167702198,358.009094238
1.88035166264,-1.25055539608,1.41513550282,358.034790039
1.88273584843,-1.23858070374,1.42492556572,358.055175781
1.88699829578,-1.2149900198,1.44679617882,358.079406738
1.89053738117,-1.19131553173,1.4693659544,358.103729248
1.89375638962,-1.16734170914,1.49223589897,358.127410889
1.89578378201,-1.14304554462,1.51059246063,358.152770996
1.90032017231,-1.10785257816,1.54621148109,358.180664062
1.90304124355,-1.07153046131,1.57850456238,358.22253418
1.90360641479,-1.04723060131,1.59501683712,358.245788574
1.90457606316,-1.035353899,1.61032259464,358.265869141
1.9035500288,-1.01101660728,1.62825167179,358.2890625
1.90374755859,-0.987017333508,1.65260624886,358.312286377
1.90174520016,-0.96315830946,1.66847264767,358.337249756
1.89982938766,-0.939065515995,1.68874299526,358.358459473
1.89699661732,-0.903415799141,1.7261646986,358.381622314
1.89401745796,-0.880165696144,1.74412274361,358.426879883
1.88802027702,-0.844448387623,1.77290117741,358.458953857
1.88299536705,-0.809627115726,1.80819952488,358.479248047
1.87817776203,-0.785771250725,1.8324753046,358.520599365
1.87285280228,-0.762984335423,1.8499828577,358.545074463
1.86979746819,-0.751367390156,1.8605505228,358.568572998
1.86325132847,-0.728226423264,1.88099849224,358.593109131
1.85709273815,-0.705398082733,1.90462875366,358.612670898
1.8504114151,-0.68237131834,1.92611372471,358.637268066
1.84221041203,-0.659507274628,1.94714522362,358.662078857
1.83430409431,-0.636974751949,1.96927130222,358.685089111
1.82514262199,-0.614545345306,1.99009239674,358.708831787
1.81626176834,-0.592810213566,2.0107088089,358.732086182
1.81147539616,-0.581521868706,2.02029871941,358.755432129
1.80185294151,-0.559679389,2.0403444767,358.779907227
1.79168748856,-0.537981033325,2.06184625626,358.803710938
1.77499699593,-0.506057620049,2.09372353554,358.832489014
1.7695581913,-0.495415598154,2.10443377495,358.855804443
1.75782334805,-0.474344789982,2.12656831741,358.880096436
1.74528467655,-0.453316569328,2.14621686935,358.904266357
1.73305976391,-0.433062523603,2.16858768463,358.928405762
1.71984660625,-0.413188189268,2.18894982338,358.954040527
1.70594775677,-0.393232136965,2.20781517029,358.977752686
1.69199347496,-0.373681128025,2.22922921181,359.000823975
1.67799687386,-0.3541495502,2.25005316734,359.024932861
1.66355192661,-0.334560126066,2.27219367027,359.048400879
1.6484143734,-0.315908491611,2.29264211655,359.075775146
1.63246750832,-0.297487169504,2.31144475937,359.099304199
1.6085703373,-0.270275294781,2.3443543911,359.133911133
1.59246373177,-0.251986205578,2.36626410484,359.157989502
1.57569086552,-0.234191700816,2.38777208328,359.181945801
1.5501986742,-0.208651587367,2.41805744171,359.227508545
1.5323009491,-0.192201986909,2.43781495094,359.251922607
1.514087677,-0.175300016999,2.45918655396,359.27645874
1.49536943436,-0.159553423524,2.48081040382,359.300415039
1.46676528454,-0.136621370912,2.51432180405,359.330963135
1.44709610939,-0.121368348598,2.53635931015,359.359558105
1.43749022484,-0.11386757344,2.54832291603,359.380187988
1.41766726971,-0.0993923023343,2.56946969032,359.40411377
1.37759673595,-0.0716672688723,2.61300468445,359.449676514
1.35681474209,-0.0583789683878,2.63451099396,359.476196289
1.33587932587,-0.0456534698606,2.65623831749,359.500701904
1.31462645531,-0.0332731083035,2.67911291122,359.530303955
1.29296255112,-0.0216140337288,2.70277523994,359.553649902
1.27057945728,-0.0110595766455,2.72241425514,359.58102417
1.24816787243,-0.00106912327465,2.7425069809,359.604919434
1.22581660748,0.00897778570652,2.76331353188,359.628540039
1.20301997662,0.0194040965289,2.78747463226,359.651641846
1.18035268784,0.0288344398141,2.80986595154,359.678039551
1.14525461197,0.0416501760483,2.84169006348,359.70526123
1.13376390934,0.0461246781051,2.85324954987,359.727294922
1.11007547379,0.0538711957633,2.87430906296,359.746795654
1.09843564034,0.0575792491436,2.8861644268,359.766662598
1.07440459728,0.0642974972725,2.90600013733,359.786865234
1.05046129227,0.0709726884961,2.93012619019,359.809814453
1.02622056007,0.0770139694214,2.95003032684,359.833587646
1.00197434425,0.0821903347969,2.971139431,359.856719971
0.977295339108,0.0871047601104,2.99428868294,359.880554199
0.965199887753,0.0897349491715,3.00598335266,359.905609131
0.940333247185,0.0934013128281,3.02549695969,359.9296875
0.915740549564,0.0966721996665,3.04585957527,359.954498291
0.891131103039,0.0995332971215,3.06727957726,359.978607178
0.865742921829,0.101969011128,3.09004402161,360.002807617
0.840874731541,0.104511365294,3.11316204071,360.029418945
0.815499305725,0.105621755123,3.13469362259,360.05569458
0.789897143841,0.106607683003,-3.12567877769,360.079071045
0.76453101635,0.10729572922,-3.10231471062,360.103088379
0.739050686359,0.107136256993,-3.0804438591,360.127227783
0.713566064835,0.10616863519,-3.05862259865,360.151763916
0.687734603882,0.10406858474,-3.03697919846,360.176544189
0.662273287773,0.101845674217,-3.01632642746,360.200256348
0.636979937553,0.0994615033269,-2.9940738678,360.225128174
0.611643612385,0.096756644547,-2.96960115433,360.254760742
0.586008369923,0.0932748541236,-2.94695949554,360.279754639
0.548365354538,0.0869957283139,-2.91091418266,360.304046631
0.523442149162,0.081776663661,-2.88744473457,360.343933105
0.47374767065,0.0699102655053,-2.84122467041,360.385498047
0.437610805035,0.0593529865146,-2.80966258049,360.41986084
0.413154095411,0.0518628284335,-2.78728628159,360.444091797
0.389028936625,0.0438274852931,-2.76715874672,360.469818115
0.365290403366,0.0353825315833,-2.74552750587,360.499969482
0.34146463871,0.0261583011597,-2.72376203537,360.52545166
0.31791383028,0.0162076633424,-2.70412492752,360.55456543
0.294335901737,0.0062515148893,-2.68004322052,360.581115723
0.271118730307,-0.00474670575932,-2.65851354599,360.605102539
0.248311847448,-0.0162453446537,-2.63584136963,360.628479004
0.22558440268,-0.0283528268337,-2.61439824104,360.655395508
0.202839583158,-0.040684569627,-2.59173083305,360.680175781
0.18043731153,-0.0532803088427,-2.56786894798,360.700744629
0.158008635044,-0.0663628652692,-2.54516911507,360.723327637
0.136111870408,-0.0799682214856,-2.52142095566,360.745941162
0.125502228737,-0.0870642066002,-2.51077389717,360.768066406
0.10370632261,-0.101021461189,-2.48502969742,360.791564941
0.0826337262988,-0.115830875933,-2.46246218681,360.813476562
0.061857573688,-0.131339266896,-2.43867444992,360.836853027
0.0415921211243,-0.147613242269,-2.41606426239,360.860412598
0.0218618120998,-0.164116159081,-2.39298176765,360.884399414
0.00255367066711,-0.181607931852,-2.37217402458,360.908477783
-0.0162659976631,-0.199322223663,-2.34995174408,360.932434082
-0.0255649760365,-0.208174481988,-2.33795213699,360.956481934
-0.0439171418548,-0.226215392351,-2.31592679024,360.980834961
-0.0620956793427,-0.244670152664,-2.29224801064,361.004364014
-0.0797377154231,-0.26350659132,-2.26946568489,361.028198242
-0.0971839278936,-0.28305709362,-2.2469329834,361.051757812
-0.113815680146,-0.302788764238,-2.22467541695,361.077514648
-0.130382522941,-0.322812795639,-2.20013022423,361.100830078
-0.146283224225,-0.343306005001,-2.17816209793,361.123565674
-0.16177791357,-0.364320993423,-2.15405011177,361.148162842
-0.176309451461,-0.385591983795,-2.13250398636,361.175567627
-0.19052618742,-0.407488107681,-2.1112742424,361.200042725
-0.2044583112,-0.42957547307,-2.08860087395,361.224273682
-0.218330398202,-0.451784729958,-2.06584835052,361.249328613
-0.23116800189,-0.474618405104,-2.04364180565,361.278656006
-0.243835538626,-0.497608721256,-2.02174663544,361.302398682
-0.256174534559,-0.520967721939,-1.99844264984,361.328704834
-0.267811089754,-0.544247925282,-1.97433590889,361.354095459
-0.278741002083,-0.567841768265,-1.95164215565,361.376068115
-0.289371341467,-0.591929137707,-1.92870628834,361.395812988
-0.294450938702,-0.604170680046,-1.91723442078,361.416473389
-0.304397344589,-0.628410816193,-1.89361989498,361.436279297
-0.313300937414,-0.652862071991,-1.87101173401,361.459564209
-0.321858972311,-0.677593529224,-1.84736585617,361.48248291
-0.325983911753,-0.69014185667,-1.83579111099,361.502563477
-0.33351662755,-0.715398013592,-1.81270694733,361.52243042
-0.3368486166,-0.728162169456,-1.80159723759,361.542480469
-0.343384534121,-0.753585517406,-1.77900850773,361.563293457
-0.35063803196,-0.779024600983,-1.75333154202,361.587127686
-0.3566172719,-0.804418325424,-1.73068237305,361.611999512
-0.36147120595,-0.829989850521,-1.70850360394,361.632720947
-0.365448832512,-0.855894625187,-1.68686342239,361.655853271
-0.369385570288,-0.881670355797,-1.66343212128,361.687896729
-0.372992396355,-0.907339572906,-1.63971590996,361.715789795
-0.375699609518,-0.933258354664,-1.61631119251,361.743896484
-0.378239452839,-0.971707284451,-1.5837842226,361.768310547
-0.378694742918,-0.984653055668,-1.57280564308,361.793762207
-0.379520952702,-1.01032054424,-1.54909825325,361.818023682
-0.379697591066,-1.03598225117,-1.52620542049,361.838623047
-0.378616303205,-1.07480800152,-1.49235880375,361.863098145
-0.377456873655,-1.10071396828,-1.46848142147,361.899688721
-0.374678820372,-1.13928437233,-1.4363039732,361.93359375
-0.370491087437,-1.17767703533,-1.40213859081,361.962249756
-0.360828489065,-1.24154424667,-1.34477007389,362.039031982
-0.349435210228,-1.29145169258,-1.30257928371,362.072052002
-0.343466550112,-1.31621754169,-1.28091907501,362.108551025
-0.337093472481,-1.34080708027,-1.25826084614,362.132202148
-0.329887866974,-1.36511707306,-1.23538947105,362.156280518
-0.318198353052,-1.40175020695,-1.20169115067,362.194061279
-0.310208380222,-1.4258146286,-1.17975127697,362.220123291
-0.297275483608,-1.46181178093,-1.14517903328,362.25177002
-0.287589579821,-1.48493218422,-1.12176406384,362.287322998
-0.276432693005,-1.50800728798,-1.10300469398,362.311828613
-0.265429645777,-1.53039240837,-1.08246445656,362.331817627
-0.254490196705,-1.55350387096,-1.05826663971,362.360992432
-0.242929786444,-1.57607316971,-1.03684282303,362.384246826
-0.230721607804,-1.59815454483,-1.01249015331,362.407897949
-0.224598586559,-1.60909986496,-1.00122058392,362.428833008
-0.211268857121,-1.63098227978,-0.979794025421,362.454406738
-0.191404446959,-1.6633245945,-0.947065532207,362.477600098
-0.18423551321,-1.67431783676,-0.93674916029,362.506378174
-0.170374214649,-1.69521248341,-0.913387060165,362.531402588
-0.148024812341,-1.72609698772,-0.878883481026,362.558563232
-0.132204338908,-1.74597072601,-0.85703086853,362.583770752
-0.116180665791,-1.76547086239,-0.835424005985,362.61151123
-0.0993840917945,-1.78460180759,-0.811698019505,362.632568359
-0.090953938663,-1.79449307919,-0.800066173077,362.65246582
-0.0735206231475,-1.81314718723,-0.776654541492,362.67276001
-0.0559514127672,-1.83165192604,-0.752731382847,362.696594238
-0.0378027446568,-1.84942305088,-0.730850696564,362.723999023
-0.0191939808428,-1.8678098917,-0.707655370235,362.747711182
-0.000439814117271,-1.88536024094,-0.68316590786,362.771148682
0.0190943777561,-1.90189123154,-0.661536097527,362.796722412
0.0386898480356,-1.91771638393,-0.640373051167,362.82043457
0.0487314909697,-1.92616486549,-0.62778955698,362.840759277
0.0693024396896,-1.94104623795,-0.605001866817,362.864807129
0.0904301777482,-1.95575094223,-0.583092451096,362.88861084
0.111582837999,-1.97049176693,-0.560921132565,362.917266846
0.133146613836,-1.98365497589,-0.542727530003,362.937011719
0.144118577242,-1.99079346657,-0.531036317348,362.956512451
0.176445379853,-2.01164388657,-0.498512536287,362.984008789
0.198704257607,-2.02382278442,-0.475137799978,363.010803223
0.210147127509,-2.03002762794,-0.463545888662,363.030853271
0.233016744256,-2.04285669327,-0.438770294189,363.055206299
0.256846994162,-2.05409574509,-0.417792320251,363.075866699
0.280076503754,-2.06476354599,-0.399473488331,363.096282959
0.303663522005,-2.07504177094,-0.376832127571,363.120391846
0.316036760807,-2.08021497726,-0.366608083248,363.143859863
0.339872121811,-2.08996033669,-0.344934135675,363.166625977
0.363466203213,-2.09971451759,-0.318670660257,363.188354492
0.387369096279,-2.10858726501,-0.295748054981,363.208740234
0.412359267473,-2.11674833298,-0.275079131126,363.232025146
0.436586499214,-2.12491559982,-0.25098580122,363.258666992
0.461804956198,-2.13272976875,-0.223860025406,363.282897949
0.486633002758,-2.13948464394,-0.198321714997,363.308685303
0.511967897415,-2.14488196373,-0.177358239889,363.332427979
0.524923026562,-2.14767765999,-0.165406733751,363.35647583
0.55074608326,-2.15295577049,-0.142872348428,363.380737305
0.576184689999,-2.1572265625,-0.119247443974,363.404449463
0.602173268795,-2.16071200371,-0.0989224016666,363.428253174
0.641064345837,-2.16509890556,-0.0666909813881,363.457580566
0.666789114475,-2.1676440239,-0.0411552973092,363.484100342
0.679709374905,-2.16912961006,-0.0293439421803,363.505065918
0.718527376652,-2.1715502739,0.00731056043878,363.533599854
0.73151743412,-2.17153668404,0.0159104820341,363.556854248
0.757173001766,-2.17181015015,0.0421626679599,363.578826904
0.782811045647,-2.17189764977,0.0639332160354,363.602294922
0.809038221836,-2.17094254494,0.0844796448946,363.627105713
0.834855318069,-2.1694226265,0.108638249338,363.647949219
0.86055624485,-2.1666135788,0.126735672355,363.672088623
0.886717200279,-2.16406965256,0.150515586138,363.697509766
0.912777304649,-2.16116380692,0.173049718142,363.721740723
0.925604701042,-2.15940380096,0.184451043606,363.74319458
0.951603889465,-2.15533661842,0.207180693746,363.767608643
0.977074563503,-2.15079379082,0.229799449444,363.787536621
1.01533651352,-2.14232325554,0.263182520866,363.816314697
1.02811288834,-2.13986945152,0.277238458395,363.840332031
1.05353653431,-2.13351583481,0.296402513981,363.860076904
1.06605148315,-2.1309170723,0.313850969076,363.880249023
1.0905213356,-2.12339067459,0.335313141346,363.903961182
1.11550629139,-2.11630368233,0.360189527273,363.928710938
1.1398447752,-2.10690617561,0.38060131669,363.953613281
1.16381728649,-2.09829998016,0.404801338911,363.976104736
1.18813312054,-2.08856391907,0.427390098572,364.000396729
1.21222138405,-2.07880806923,0.452156543732,364.023864746
1.2360432148,-2.0685505867,0.474869847298,364.047729492
1.24814689159,-2.06306433678,0.488367050886,364.068908691
1.30627775192,-2.0331094265,0.543538510799,364.107849121
1.32914280891,-2.02059006691,0.566492557526,364.146148682
1.36242330074,-2.00014591217,0.597529709339,364.189331055
1.38422298431,-1.98565888405,0.617311775684,364.214813232
1.40589308739,-1.9710931778,0.64003187418,364.238250732
1.42695486546,-1.95586264133,0.663718760014,364.264251709
1.44833254814,-1.94034183025,0.687733530998,364.28805542
1.46982955933,-1.92457532883,0.713371694088,364.311065674
1.47984421253,-1.91621088982,0.726350545883,364.331542969
1.50010251999,-1.89983069897,0.748436510563,364.355407715
1.51973283291,-1.88224005699,0.769094109535,364.380187988
1.53981363773,-1.8652125597,0.794457614422,364.405609131
1.55879890919,-1.84704697132,0.815914034843,364.425598145
1.57731485367,-1.82896864414,0.838655769825,364.447723389
1.58660304546,-1.8196144104,0.849862635136,364.46862793
1.60512840748,-1.80099785328,0.8748691082,364.492370605
1.63076782227,-1.77137124538,0.908712863922,364.516723633
1.64757823944,-1.75106430054,0.932952046394,364.550537109
1.66355085373,-1.7303044796,0.955956578255,364.581054688
1.67931604385,-1.70906937122,0.981765091419,364.605102539
1.70184612274,-1.6768540144,1.0152105093,364.628570557
1.70937895775,-1.66560280323,1.02620208263,364.653747559
1.72408461571,-1.64398241043,1.04940855503,364.676605225
1.73732769489,-1.62193453312,1.07126104832,364.700622559
1.7507237196,-1.5990344286,1.09498822689,364.725311279
1.76388812065,-1.57624387741,1.117623806,364.749237061
1.77599298954,-1.55317127705,1.14086687565,364.773498535
1.78721511364,-1.53025817871,1.16300904751,364.796691895
1.79795253277,-1.50656628609,1.18430256844,364.820037842
1.80316531658,-1.49450397491,1.19555974007,364.839874268
1.81338024139,-1.47097921371,1.21639287472,364.862365723
1.82254016399,-1.44686388969,1.23212957382,364.885406494
1.83123624325,-1.42221271992,1.26110112667,364.90802002
1.83997046947,-1.39782488346,1.28215575218,364.937316895
1.84870505333,-1.37309634686,1.30453193188,364.959838867
1.8564696312,-1.34863758087,1.32575798035,364.982788086
1.85986113548,-1.33623933792,1.33424782753,365.005645752
1.8670579195,-1.3116723299,1.35809385777,365.025909424
1.87363529205,-1.28685331345,1.38124787807,365.049194336
1.87928843498,-1.26199042797,1.40150260925,365.074523926
1.88423395157,-1.23673427105,1.42382645607,365.09954834
1.88857793808,-1.21152925491,1.44657933712,365.121032715
1.89250576496,-1.18661272526,1.46968376637,365.144104004
1.89412951469,-1.17361843586,1.4814620018,365.166687012
1.89697134495,-1.14871919155,1.50406658649,365.191314697
1.90022802353,-1.12381696701,1.52673995495,365.211975098
1.90250170231,-1.09784471989,1.54990947247,365.235015869
1.90522933006,-1.07298624516,1.57651305199,365.2550354
1.90561413765,-1.04737401009,1.59597015381,365.28918457
1.90622544289,-1.022174716,1.61907112598,365.309356689
1.9065028429,-0.99695879221,1.64090383053,365.332183838
1.90589094162,-0.983622670174,1.65379190445,365.356140137
1.90403389931,-0.958686113358,1.67168462276,365.380218506
1.90149140358,-0.933457136154,1.69151604176,365.404907227
1.90023744106,-0.908146500587,1.71881949902,365.428405762
1.89655447006,-0.883165359497,1.73770833015,365.452301025
1.89372014999,-0.858183443546,1.76370930672,365.476379395
1.88928282261,-0.833320617676,1.78271341324,365.500274658
1.88577306271,-0.808638393879,1.80794465542,365.524291992
1.88072276115,-0.783330142498,1.83444166183,365.553283691
1.87099039555,-0.746966362,1.86014676094,365.582672119
1.86510503292,-0.722648799419,1.88574504852,365.607574463
1.86209702492,-0.710834383965,1.89803028107,365.631713867
1.85482776165,-0.686439752579,1.92067420483,365.656341553
1.84677445889,-0.662816047668,1.94227302074,365.680297852
1.83413720131,-0.627402663231,1.97657418251,365.700500488
1.82478928566,-0.603958487511,1.99844551086,365.73248291
1.81494832039,-0.580770492554,2.01977968216,365.756286621
1.80503535271,-0.558053672314,2.04237723351,365.790618896
1.79421555996,-0.535488069057,2.06425714493,365.810394287
1.78290247917,-0.512759268284,2.08690404892,365.835723877
1.77101624012,-0.490974634886,2.10792326927,365.860321045
1.7587211132,-0.469288796186,2.13040447235,365.885070801
1.74605965614,-0.447568953037,2.15253567696,365.908782959
1.7327953577,-0.426396340132,2.17448592186,365.932769775
1.72615742683,-0.415831118822,2.18665575981,365.956512451
1.70450496674,-0.384559303522,2.21785378456,365.982086182
1.68967163563,-0.364257097244,2.23862981796,366.006866455
1.67488706112,-0.343842476606,2.26181316376,366.035827637
1.65945768356,-0.324044317007,2.28374910355,366.059051514
1.65151309967,-0.314312756062,2.294039011,366.081542969
1.63503372669,-0.29496255517,2.31428742409,366.105285645
1.61833679676,-0.276380181313,2.33433055878,366.12902832
1.60163903236,-0.257813930511,2.35774707794,366.153045654
1.58482074738,-0.239271253347,2.38128423691,366.177825928
1.56732702255,-0.220901891589,2.40237474442,366.198150635
1.53974604607,-0.194379717112,2.43540430069,366.241088867
1.52084517479,-0.177472993731,2.45704603195,366.265014648
1.50149035454,-0.161282584071,2.47831678391,366.288635254
1.4821023941,-0.144752204418,2.50200557709,366.311767578
1.46232795715,-0.129224985838,2.52364635468,366.331787109
1.45229196548,-0.121850721538,2.53349041939,366.356781006
1.43212890625,-0.106522209942,2.55648946762,366.376739502
1.41177761555,-0.0916403010488,2.57960581779,366.396942139
1.39098823071,-0.0773223564029,2.60293245316,366.425170898
1.36988866329,-0.0633329600096,2.62497115135,366.448181152
1.35944092274,-0.0566648244858,2.63756322861,366.468109131
1.33790647984,-0.0433411151171,2.65970611572,366.490447998
1.31576597691,-0.0307187791914,2.68326759338,366.513092041
1.29302167892,-0.0189769566059,2.70708870888,366.539855957
1.27006161213,-0.00799774378538,2.72729110718,366.559967041
1.25845313072,-0.00264926976524,2.73812127113,366.580993652
1.23505306244,0.00788616668433,2.75894761086,366.601776123
1.21153903008,0.0181316696107,2.78049683571,366.62512207
1.1876513958,0.0282718781382,2.80646157265,366.649017334
1.16374790668,0.0375602059066,2.82853245735,366.672668457
1.13969266415,0.0470058768988,2.85389351845,366.696929932
1.11502659321,0.0548597946763,2.87622785568,366.722412109
1.10277533531,0.0587606877089,2.88852095604,366.742462158
1.07770419121,0.0652779340744,2.90766382217,366.762207031
1.05285453796,0.0721485987306,2.93223071098,366.791046143
1.02744376659,0.078147135675,2.95236063004,366.810546875
1.00253939629,0.0837319418788,2.97424840927,366.834381104
0.977075576782,0.088956207037,2.99792790413,366.860351562
0.95178848505,0.0935347378254,3.02092719078,366.884643555
0.926014482975,0.0970798060298,3.04273724556,366.910095215
0.913157582283,0.0987502485514,3.0533080101,366.929626465
0.887583434582,0.101883120835,3.07595205307,366.949371338
0.86120980978,0.104338608682,3.10046458244,366.969787598
0.835151135921,0.105763830245,3.12197041512,366.992675781
0.80925577879,0.106946013868,-3.13779497147,367.027374268
0.782901823521,0.107738226652,-3.11517810822,367.051300049
0.756512343884,0.108381420374,-3.09180879593,367.074615479
0.73048377037,0.107605785131,-3.06973838806,367.094451904
0.704316735268,0.106209434569,-3.0464618206,367.123901367
0.678180813789,0.104115687311,-3.02473449707,367.148345947
0.651764512062,0.102044507861,-3.00184512138,367.172393799
0.625611126423,0.0997350364923,-2.97598719597,367.195770264
0.612884759903,0.0982677266002,-2.96327638626,367.21762085
0.586588382721,0.0940201878548,-2.94105148315,367.237609863
0.560979008675,0.089699678123,-2.91630482674,367.257507324
0.547996163368,0.0870061814785,-2.90532612801,367.278106689
0.522386074066,0.0815359950066,-2.88227367401,367.300689697
0.496748030186,0.0756644308567,-2.85758090019,367.323181152
0.471743434668,0.0690860003233,-2.83572626114,367.345794678
0.458964973688,0.0657478496432,-2.82280302048,367.365814209
0.433951258659,0.0581564791501,-2.80186963081,367.389465332
0.409032553434,0.0503456778824,-2.77896642685,367.413208008
0.38386452198,0.0419769436121,-2.75529289246,367.436584473
0.359548866749,0.0327046215534,-2.73364591599,367.457336426
0.347466647625,0.0278078038245,-2.72285676003,367.478607178
0.323344856501,0.0176491029561,-2.70198655128,367.503814697
0.299636006355,0.00702907145023,-2.68036222458,367.527404785
0.275886923075,-0.0037952400744,-2.65815162659,367.551727295
0.252623975277,-0.0157748963684,-2.63599467278,367.57232666
0.24105361104,-0.0218828991055,-2.62451410294,367.592437744
0.218279123306,-0.0343012921512,-2.60207462311,367.616607666
0.195201188326,-0.0466460697353,-2.57783985138,367.640014648
0.172482728958,-0.059507612139,-2.55351138115,367.661071777
0.149985477328,-0.0729491710663,-2.52889585495,367.684844971
0.128239393234,-0.0874198675156,-2.50693464279,367.708404541
0.117442034185,-0.0946316570044,-2.49461936951,367.728759766
0.0953098535538,-0.109187401831,-2.46921539307,367.748626709
0.0741401538253,-0.124769635499,-2.44700241089,367.770385742
0.0638142824173,-0.132708027959,-2.43501615524,367.790557861
0.0435974560678,-0.149309515953,-2.41269636154,367.814941406
0.0234380718321,-0.166338562965,-2.38908100128,367.838989258
0.00388295971788,-0.18382050097,-2.36701011658,367.859588623
-0.015088563785,-0.201518341899,-2.34289836884,367.883300781
-0.0337022170424,-0.21982178092,-2.32106351852,367.90814209
-0.0429481342435,-0.229149907827,-2.31040239334,367.929534912
-0.060925655067,-0.248019710183,-2.28743886948,367.951690674
-0.0785093158484,-0.267050325871,-2.26470565796,367.9765625
-0.09567386657,-0.28644618392,-2.24223995209,368.001312256
-0.112579621375,-0.306113600731,-2.21875858307,368.024353027
-0.129082664847,-0.326460599899,-2.19476294518,368.050964355
-0.159990161657,-0.368047505617,-2.14960241318,368.079101562
-0.181998282671,-0.400085389614,-2.11543154716,368.131744385
-0.202350407839,-0.433062851429,-2.0838098526,368.177062988
-0.215606629848,-0.455070376396,-2.06202316284,368.197052002
-0.221945777535,-0.466602385044,-2.05170273781,368.218261719
-0.234617933631,-0.488878756762,-2.02959632874,368.238861084
-0.246885970235,-0.511700332165,-2.00709009171,368.258758545
-0.25834980607,-0.534680664539,-1.98496770859,368.282348633
-0.264251500368,-0.546321511269,-1.97241926193,368.302703857
-0.275138825178,-0.569683551788,-1.94961607456,368.326812744
-0.285626262426,-0.593175530434,-1.92627882957,368.351928711
-0.295387089252,-0.61715477705,-1.90340912342,368.375732422
-0.30455544591,-0.641293346882,-1.88225793839,368.400115967
-0.313279628754,-0.66549551487,-1.85989558697,368.424560547
-0.32106256485,-0.690143883228,-1.83806562424,368.444671631
-0.32487025857,-0.702379286289,-1.82697832584,368.464691162
-0.332252204418,-0.727282226086,-1.80377590656,368.489440918
-0.338892161846,-0.752430140972,-1.78124666214,368.513000488
-0.345239073038,-0.777438879013,-1.75787222385,368.539459229
-0.351597756147,-0.802424192429,-1.73303413391,368.564178467
-0.356784909964,-0.827645838261,-1.70993077755,368.588439941
-0.361050903797,-0.853266537189,-1.68766224384,368.611816406
-0.364583492279,-0.878771901131,-1.66568279266,368.636260986
-0.367981821299,-0.904235899448,-1.6431208849,368.660491943
-0.370960116386,-0.930069506168,-1.62181425095,368.682678223
-0.373040348291,-0.956000506878,-1.59948909283,368.707183838
-0.374409884214,-0.981662333012,-1.57687032223,368.73059082
-0.375328093767,-1.00726950169,-1.55317127705,368.756652832
-0.375549525023,-1.02003419399,-1.54150891304,368.779724121
-0.37549456954,-1.04591596127,-1.51731610298,368.803924561
-0.374819874763,-1.07173466682,-1.49334597588,368.824310303
-0.37353605032,-1.09759533405,-1.47157919407,368.847900391
-0.372239261866,-1.12345778942,-1.44952821732,368.871734619
-0.371176540852,-1.13634514809,-1.43843531609,368.894042969
-0.368662327528,-1.16227304935,-1.41589009762,368.914367676
-0.365290641785,-1.18785226345,-1.39404940605,368.938720703
-0.361997723579,-1.21346974373,-1.37035679817,368.968200684
-0.354671835899,-1.25178349018,-1.3383026123,368.992370605
-0.348916172981,-1.27678346634,-1.31612884998,369.027770996
-0.343002378941,-1.3017308712,-1.29439973831,369.052490234
-0.337210088968,-1.32684671879,-1.27023744583,369.076782227
-0.330312669277,-1.35161948204,-1.24763679504,369.100708008
-0.322750836611,-1.37581408024,-1.22605574131,369.124420166
-0.31112575531,-1.41245245934,-1.19170963764,369.157684326
-0.306914031506,-1.4249471426,-1.18119692802,369.181091309
-0.298552274704,-1.44896006584,-1.15657222271,369.204650879
-0.283841788769,-1.48459863663,-1.12492358685,369.226654053
-0.27268075943,-1.50803112984,-1.10493206978,369.266662598
-0.261683404446,-1.53105270863,-1.08353340626,369.287017822
-0.250494986773,-1.5546374321,-1.05816316605,369.307617188
-0.24487516284,-1.56616902351,-1.04664444923,369.331756592
-0.22663500905,-1.6001496315,-1.0116122961,369.35635376
-0.213089257479,-1.62209272385,-0.990483880043,369.382965088
-0.199564576149,-1.64403891563,-0.968266189098,369.403320312
-0.178918421268,-1.67726862431,-0.936054289341,369.444061279
-0.164793983102,-1.69878578186,-0.911919176579,369.475311279
-0.149475872517,-1.71989560127,-0.88862156868,369.500518799
-0.133413255215,-1.7403126955,-0.867010653019,369.52456665
-0.117278397083,-1.76074779034,-0.842823684216,369.548461914
-0.100124917924,-1.78060936928,-0.819758296013,369.571838379
-0.0915450826287,-1.79073393345,-0.807448983192,369.593109131
-0.0737827345729,-1.80972516537,-0.784779727459,369.61315918
-0.0560395978391,-1.82857835293,-0.761203050613,369.637756348
-0.0376374982297,-1.8470454216,-0.737712979317,369.661193848
-0.0187719874084,-1.86586070061,-0.714595973492,369.684265137
-0.00936534255743,-1.87466847897,-0.702178061008,369.704284668
0.0101682497188,-1.89224755764,-0.678845107555,369.726165771
0.0299383010715,-1.91000080109,-0.654437661171,369.747009277
0.0402780435979,-1.91770780087,-0.644823074341,369.76953125
0.0611860267818,-1.93408668041,-0.619924724102,369.792236328
0.0821634307504,-1.94907009602,-0.596262216568,369.811981201
0.0930935665965,-1.95678257942,-0.585504233837,369.831695557
0.115078166127,-1.97214317322,-0.565845310688,369.855651855
0.136205628514,-1.9859521389,-0.541903495789,369.879089355
0.158350363374,-2.00066041946,-0.519870698452,369.903747559
0.180981367826,-2.01433634758,-0.499204456806,369.927459717
0.204128205776,-2.02711105347,-0.474432975054,369.95199585
0.227498173714,-2.0401096344,-0.450054496527,369.972015381
0.239557370543,-2.04633760452,-0.437016755342,369.994384766
0.263048261404,-2.05720925331,-0.416852027178,370.01751709
0.323335021734,-2.08487987518,-0.363939136267,370.041687012
0.371836155653,-2.10397648811,-0.318648725748,370.101715088
0.396563380957,-2.11336493492,-0.291530907154,370.151794434
0.433441072702,-2.12586903572,-0.25620752573,370.180328369
0.458760470152,-2.13353514671,-0.23141476512,370.207489014
0.484117686749,-2.14052557945,-0.204467996955,370.235839844
0.509689509869,-2.14645695686,-0.183399125934,370.263946533
0.535149037838,-2.15175151825,-0.162349268794,370.290039062
0.561459779739,-2.15717959404,-0.139098823071,370.316162109
0.587406933308,-2.16117286682,-0.116661041975,370.340545654
0.613289237022,-2.16489005089,-0.090001553297,370.364501953
0.652847826481,-2.16940045357,-0.0558413751423,370.393981934
0.67902636528,-2.17201209068,-0.0333561189473,370.429718018
0.705262839794,-2.17306160927,-0.00937137845904,370.452911377
0.744179368019,-2.17486453056,0.0243736747652,370.482116699
0.757154464722,-2.17485976219,0.0354515425861,370.505706787
0.783100903034,-2.17495012283,0.0598576292396,370.529296875
0.809456765652,-2.17375946045,0.0802452042699,370.552337646
0.835506498814,-2.17263460159,0.103530548513,370.578216553
0.861767649651,-2.1704428196,0.124304182827,370.605041504
0.887920737267,-2.16783213615,0.147417783737,370.624755859
0.913976967335,-2.16522169113,0.170717447996,370.645141602
0.940364658833,-2.16184592247,0.195638328791,370.672729492
0.966435551643,-2.15668082237,0.21754719317,370.700653076
0.99207174778,-2.15157222748,0.240050673485,370.72454834
1.01778411865,-2.14582705498,0.262918412685,370.748382568
1.04359698296,-2.13978743553,0.28626036644,370.772491455
1.06940495968,-2.13415384293,0.309014171362,370.803771973
1.0944340229,-2.12726426125,0.334865689278,370.829071045
1.11978793144,-2.11951231956,0.35954862833,370.852874756
1.15687549114,-2.10592722893,0.393029242754,370.876495361
1.18092405796,-2.09655308723,0.41622453928,370.912811279
1.20592296124,-2.08726406097,0.443359524012,370.936553955
1.23005580902,-2.07622981071,0.465976297855,370.960418701
1.2540705204,-2.06529045105,0.488321989775,370.984619141
1.27808225155,-2.05363154411,0.5101775527,371.008758545
1.3011944294,-2.04141688347,0.533172488213,371.032958984
1.32436192036,-2.02890014648,0.55546605587,371.064941406
1.34700500965,-2.01534461975,0.575705170631,371.085083008
1.3697116375,-2.00187969208,0.599624037743,371.105194092
1.3918992281,-1.98700726032,0.620485186577,371.133483887
1.42443013191,-1.96461427212,0.655242085457,371.171569824
1.43526184559,-1.95659255981,0.666145145893,371.191467285
1.45632719994,-1.94127070904,0.690339446068,371.213806152
1.47795081139,-1.92506980896,0.714163422585,371.237548828
1.49870169163,-1.90838730335,0.73884999752,371.260620117
1.51871967316,-1.89076626301,0.76218944788,371.284515381
1.53870952129,-1.87340903282,0.784820973873,371.313568115
1.55837142467,-1.85555672646,0.80766671896,371.338317871
1.57737505436,-1.83747279644,0.831191003323,371.362487793
1.59576714039,-1.81852173805,0.853768587112,371.385498047
1.60495185852,-1.80910933018,0.865365743637,371.406188965
1.62304997444,-1.79001426697,0.892003297806,371.429290771
1.64004933834,-1.76998209953,0.912937283516,371.450836182
1.65678095818,-1.74970197678,0.937106728554,371.471252441
1.67249882221,-1.72876346111,0.959017813206,371.491027832
1.68015658855,-1.71815037727,0.969678997993,371.519287109
1.69576907158,-1.69536864758,1.0028911829,371.538970947
1.71080219746,-1.67502379417,1.01758551598,371.559051514
1.72580730915,-1.6529635191,1.04188418388,371.583374023
1.7396068573,-1.63088953495,1.06395244598,371.615020752
1.75317704678,-1.60826516151,1.08896923065,371.640380859
1.7656712532,-1.5852997303,1.110871315,371.667388916
1.77821087837,-1.5626090765,1.13165450096,371.69229126
1.79036569595,-1.53951406479,1.15499055386,371.716278076
1.8013446331,-1.51604545116,1.17639410496,371.739807129
1.8108278513,-1.49006021023,1.20140147209,371.763885498
1.82058990002,-1.46788167953,1.21665036678,371.788238525
1.83061158657,-1.44462108612,1.2411929369,371.811523438
1.83493971825,-1.43242669106,1.25069701672,371.831176758
1.84833359718,-1.39572882652,1.28364348412,371.854736328
1.85607981682,-1.37127387524,1.30414557457,371.883789062
1.86003994942,-1.3589963913,1.31422305107,371.903564453
1.8677624464,-1.33458518982,1.33578300476,371.927154541
1.87472093105,-1.31000709534,1.35744774342,371.952178955
1.88164162636,-1.28565871716,1.38084161282,371.976409912
1.88692891598,-1.26033115387,1.40160608292,372.000427246
1.89215385914,-1.23530054092,1.42387914658,372.02947998
1.89635419846,-1.21041572094,1.44708037376,372.050140381
1.89981245995,-1.18502390385,1.46936249733,372.070404053
1.90154790878,-1.17246258259,1.47999095917,372.090423584
1.90590035915,-1.1474366188,1.5071823597,372.110534668
1.90837669373,-1.12195181847,1.53004777431,372.139038086
1.91022205353,-1.09609913826,1.55028772354,372.163848877
1.91382908821,-1.07140040398,1.58017659187,372.187225342
1.9133900404,-1.04520952702,1.59291350842,372.211578369
1.91404020786,-1.01946520805,1.62112021446,372.240447998
1.91340482235,-0.993836641312,1.64301335812,372.264923096
1.91220271587,-0.968219995499,1.66455507278,372.288787842
1.91107261181,-0.943421721458,1.68879127502,372.3125
1.90785610676,-0.917845070362,1.70717000961,372.336730957
1.90563893318,-0.89294230938,1.73066353798,372.360809326
1.90166389942,-0.867376029491,1.75000035763,372.38458252
1.89818024635,-0.842131018639,1.77013230324,372.409729004
1.89428806305,-0.816931068897,1.79439389706,372.440063477
1.88961589336,-0.792431294918,1.81439697742,372.464477539
1.88461434841,-0.767272233963,1.84074378014,372.488677979
1.8785712719,-0.742642939091,1.86246562004,372.508789062
1.87477302551,-0.730175614357,1.87520909309,372.528686523
1.86857306957,-0.706149399281,1.89858412743,372.552124023
1.8611291647,-0.681299805641,1.92215454578,372.575744629
1.8527251482,-0.656935811043,1.94414019585,372.598937988
1.84465813637,-0.633083701134,1.96907877922,372.621673584
1.83895039558,-0.620688974857,1.97636556625,372.641479492
1.82575428486,-0.585235953331,2.01324176788,372.670532227
1.81545495987,-0.561742186546,2.0349111557,372.696014404
1.80413210392,-0.538599550724,2.05668973923,372.720550537
1.79296183586,-0.515740036964,2.0794608593,372.748931885
1.78143894672,-0.49306511879,2.10393118858,372.774993896
1.7689883709,-0.47084158659,2.12531757355,372.798431396
1.75595200062,-0.448496878147,2.14762663841,372.821472168
1.74231469631,-0.427070140839,2.16974806786,372.85357666
1.72863590717,-0.405741125345,2.1922557354,372.873535156
1.71400785446,-0.384460896254,2.21350336075,372.897918701
1.69917690754,-0.363613277674,2.23485851288,372.926879883
1.6841237545,-0.342729002237,2.25811004639,372.952819824
1.66820669174,-0.322490006685,2.2805378437,372.976989746
1.65202534199,-0.302663743496,2.30201673508,372.999938965
1.63535940647,-0.2832711339,2.32471060753,373.024078369
1.61830854416,-0.264414966106,2.34566903114,373.047790527
1.60093510151,-0.245255559683,2.36849093437,373.072052002
1.59222340584,-0.235736519098,2.37950611115,373.092498779
1.57428002357,-0.217642754316,2.40138959885,373.114959717
1.55598735809,-0.199858307838,2.42253851891,373.139862061
1.53752875328,-0.182129889727,2.44529819489,373.16317749
1.50879514217,-0.156851321459,2.47769737244,373.196868896
1.48888421059,-0.14049102366,2.50063300133,373.217987061
1.46870398521,-0.124666593969,2.52344298363,373.249359131
1.44809114933,-0.109140478075,2.54614472389,373.270751953
1.4377592802,-0.101420767605,2.5577340126,373.291534424
1.41693484783,-0.0864608511329,2.58066248894,373.311767578
1.39576005936,-0.0720753893256,2.60283041,373.339294434
1.37415850163,-0.0577129721642,2.62557530403,373.368225098
1.34156930447,-0.0371411442757,2.66165590286,373.392272949
1.33037233353,-0.0307917166501,2.67424964905,373.417907715
1.30799591541,-0.0181230101734,2.69849228859,373.438079834
1.27282750607,-0.00135744875297,2.73138093948,373.468383789
1.26115894318,0.00400734459981,2.74187064171,373.49407959
1.23750209808,0.0144103663042,2.76259374619,373.514221191
1.21351444721,0.0249957926571,2.78584909439,373.539672852
1.18901586533,0.0352352820337,2.80928611755,373.56817627
1.16466605663,0.0442947074771,2.83176398277,373.592132568
1.1401642561,0.0534771420062,2.85588955879,373.613830566
1.11553752422,0.0616894699633,2.87910294533,373.634460449
1.09006309509,0.069273903966,2.90302538872,373.658843994
1.07784092426,0.0731238797307,2.91437625885,373.682342529
1.05272626877,0.0794964805245,2.93841218948,373.705841064
1.02726006508,0.0848152935505,2.95812606812,373.729675293
1.00198638439,0.0901590809226,2.97944235802,373.750579834
0.976813256741,0.095362059772,3.00404191017,373.774078369
0.951649188995,0.0997703522444,3.02674126625,373.796722412
0.938808977604,0.101459905505,3.0363972187,373.816619873
0.913200616837,0.104525379837,3.05767846107,373.839294434
0.887856841087,0.107642181218,3.08130669594,373.863647461
0.861990332603,0.109973244369,3.10519337654,373.887908936
0.836311936378,0.111572571099,3.12719607353,373.907928467
0.823404371738,0.112105108798,3.13830018044,373.928405762
0.797577559948,0.112912662327,-3.12247681618,373.948883057
0.771908998489,0.113513067365,-3.09908795357,373.979980469
0.746068537235,0.113181784749,-3.07791757584,374.002349854
0.720173120499,0.112105861306,-3.05713558197,374.022338867
0.694623827934,0.110273167491,-3.03498339653,374.048400879
0.668724060059,0.107815980911,-3.01423454285,374.076507568
0.643404066563,0.105758346617,-2.99036765099,374.098327637
0.617667138577,0.103207908571,-2.96554064751,374.120635986
0.604665100574,0.101745568216,-2.95340251923,374.143676758
0.566795647144,0.095267161727,-2.91740679741,374.176147461
0.529027163982,0.0873914062977,-2.88267612457,374.208831787
0.479630529881,0.0748769715428,-2.83853912354,374.2472229
0.442723631859,0.0643523111939,-2.80604743958,374.29598999
0.418250471354,0.0568723231554,-2.7837934494,374.331756592
0.381582319736,0.0442480482161,-2.74971365929,374.358795166
0.357490211725,0.0353247597814,-2.72731733322,374.383331299
0.33342012763,0.0255474597216,-2.70625901222,374.407226562
0.32160332799,0.0202534943819,-2.69604253769,374.430755615
0.298114776611,0.00970051344484,-2.67393016815,374.455627441
0.274897992611,-0.00122932286467,-2.65220999718,374.47958374
0.252102077007,-0.0132826697081,-2.63139414787,374.504058838
0.229485422373,-0.0253949705511,-2.61005997658,374.524841309
0.206940963864,-0.0377763658762,-2.58674860001,374.548431396
0.195566669106,-0.0442345999181,-2.57667446136,374.568511963
0.173169448972,-0.056895583868,-2.5519220829,374.592437744
0.15083321929,-0.0699077919126,-2.52632260323,374.612792969
0.129207283258,-0.08415825665,-2.50384259224,374.637969971
0.107932068408,-0.0985012352467,-2.47840976715,374.664825439
0.0763313546777,-0.121359050274,-2.44391441345,374.695983887
0.0558991953731,-0.137070223689,-2.42029523849,374.722747803
0.0360918007791,-0.153887063265,-2.39930796623,374.750823975
0.016744107008,-0.170664221048,-2.37763190269,374.77520752
-0.00244913017377,-0.188024535775,-2.35474991798,374.794921875
-0.0114965680987,-0.19713050127,-2.34372377396,374.819030762
-0.0390753671527,-0.224012345076,-2.31034827232,374.84463501
-0.0570588037372,-0.242609381676,-2.28684043884,374.87286377
-0.0745657160878,-0.261505067348,-2.26375389099,374.90335083
-0.091530174017,-0.280997008085,-2.2410390377,374.927215576
-0.107659295201,-0.300595283508,-2.21964454651,374.949371338
-0.124038763344,-0.320320159197,-2.1963763237,374.976135254
-0.139674112201,-0.341090917587,-2.17428922653,375.000640869
-0.154684841633,-0.361772149801,-2.15308427811,375.023223877
-0.169690862298,-0.382850497961,-2.13007807732,375.047973633
-0.183966428041,-0.404368549585,-2.10784482956,375.070556641
-0.197858199477,-0.426348417997,-2.08566403389,375.105102539
-0.217386335135,-0.459875673056,-2.0515627861,375.130828857
-0.229998856783,-0.482616782188,-2.02928376198,375.166717529
-0.242233470082,-0.505503475666,-2.00722312927,375.186767578
-0.25380897522,-0.528607308865,-1.98493289948,375.206726074
-0.270316421986,-0.563761591911,-1.95200550556,375.235626221
-0.280958622694,-0.587342262268,-1.92835903168,375.271057129
-0.2909540236,-0.611466288567,-1.90485084057,375.295898438
-0.295664787292,-0.623423874378,-1.89322257042,375.315795898
-0.304768949747,-0.647636175156,-1.87088394165,375.338562012
-0.313208371401,-0.6722047925,-1.84882855415,375.363220215
-0.32093128562,-0.697009861469,-1.82639455795,375.384399414
-0.327886760235,-0.72192543745,-1.80440044403,375.412322998
-0.334667772055,-0.747125864029,-1.78176164627,375.442626953
-0.341168910265,-0.772066056728,-1.75836634636,375.467681885
-0.347116291523,-0.797417879105,-1.73471748829,375.489013672
-0.352358281612,-0.822534024715,-1.71076309681,375.516479492
-0.356679439545,-0.848046541214,-1.68883013725,375.541992188
-0.360560357571,-0.873510718346,-1.66592681408,375.567993164
-0.364269375801,-0.898824870586,-1.64163219929,375.592193604
-0.366880357265,-0.924381554127,-1.62061619759,375.61239624
-0.368823260069,-0.949899196625,-1.59950876236,375.6355896
-0.370400905609,-0.975380003452,-1.57691586018,375.658660889
-0.371251583099,-1.00092053413,-1.55455052853,375.682922363
-0.371511816978,-1.02640223503,-1.53169369698,375.703643799
-0.371160328388,-1.05188477039,-1.50768971443,375.734893799
-0.370712518692,-1.06478571892,-1.49606513977,375.756103516
-0.369618654251,-1.09036493301,-1.47330129147,375.781555176
-0.367960423231,-1.11594998837,-1.45173442364,375.805053711
-0.366068840027,-1.1414539814,-1.42846703529,375.828582764
-0.363393336535,-1.16690611839,-1.40715515614,375.852050781
-0.35993590951,-1.19230973721,-1.38459324837,375.876251221
-0.355744332075,-1.21727871895,-1.36410284042,375.899932861
-0.351037591696,-1.24242699146,-1.34317326546,375.923339844
-0.346072077751,-1.26731789112,-1.32084286213,375.945556641
-0.343146324158,-1.27938306332,-1.31073117256,375.968688965
-0.33414208889,-1.31629562378,-1.27609598637,375.992370605
-0.327635765076,-1.34095561504,-1.25386703014,376.027801514
-0.320456117392,-1.36540865898,-1.23113512993,376.055847168
-0.312823742628,-1.38947415352,-1.20767307281,376.080749512
-0.304936975241,-1.41347539425,-1.18561339378,376.102508545
-0.29673948884,-1.43730473518,-1.1637263298,376.125946045
-0.28770968318,-1.46125662327,-1.14204394817,376.146820068
-0.282610267401,-1.47253477573,-1.13271200657,376.167419434
-0.272234410048,-1.49539935589,-1.11290681362,376.189239502
-0.261361271143,-1.51835858822,-1.09190022945,376.208984375
-0.255833894014,-1.52944529057,-1.08127689362,376.228607178
-0.244825452566,-1.55248725414,-1.05663335323,376.249145508
-0.233033239841,-1.57491219044,-1.03402924538,376.270812988
-0.227330446243,-1.58598327637,-1.02140462399,376.294555664
-0.208318769932,-1.61882853508,-0.988649904728,376.32119751
-0.194986149669,-1.64026510715,-0.96717363596,376.354705811
-0.181324288249,-1.66136956215,-0.947186172009,376.374816895
-0.167646452785,-1.68277263641,-0.925155520439,376.397460938
-0.153415501118,-1.70339238644,-0.902737021446,376.427856445
-0.130719363689,-1.73368239403,-0.870170235634,376.452453613
-0.0986765399575,-1.7725969553,-0.823616743088,376.499725342
-0.0558726638556,-1.81946468353,-0.765985250473,376.542205811
-0.0287186522037,-1.84635746479,-0.732294380665,376.608673096
-0.0104631418362,-1.8643116951,-0.710454642773,376.637939453
0.00834535900503,-1.88177216053,-0.686403930187,376.659912109
0.0270600095391,-1.89819121361,-0.663121044636,376.679992676
0.0470008216798,-1.91437292099,-0.643750905991,376.716522217
0.0671824142337,-1.9300570488,-0.619587063789,376.743103027
0.0878665670753,-1.94405865669,-0.598880529404,376.768341064
0.108531147242,-1.9592063427,-0.574855029583,376.788818359
0.129771620035,-1.97341287136,-0.556166529655,376.813598633
0.150511175394,-1.98728096485,-0.534128010273,376.83795166
0.172310873866,-2.00104880333,-0.511301875114,376.859985352
0.194594964385,-2.0140581131,-0.489670455456,376.886260986
0.216498404741,-2.02594542503,-0.470799922943,376.909393311
0.22756741941,-2.03141093254,-0.459719061852,376.932434082
0.250029265881,-2.04378271103,-0.43658336997,376.955566406
0.273008435965,-2.05493879318,-0.414895057678,376.9793396
0.296299368143,-2.06511449814,-0.394496142864,376.999053955
0.307561516762,-2.07035708427,-0.38423126936,377.019836426
0.34318459034,-2.08613395691,-0.351916462183,377.048614502
0.366380542517,-2.09556293488,-0.327379524708,377.072631836
0.389747858047,-2.10443997383,-0.304354101419,377.096954346
0.414370626211,-2.11228108406,-0.285172760487,377.121856689
0.438150346279,-2.12031316757,-0.261680573225,377.153503418
0.462176501751,-2.1277358532,-0.236679673195,377.177032471
0.487004101276,-2.1353263855,-0.210370033979,377.200286865
0.512142419815,-2.14145231247,-0.188762679696,377.228363037
0.536938250065,-2.14635419846,-0.16557110846,377.24887085
0.562578737736,-2.15191936493,-0.145252913237,377.271728516
0.587719321251,-2.15645933151,-0.120351031423,377.295806885
0.613260924816,-2.16001534462,-0.0977769866586,377.320953369
0.639038562775,-2.16249680519,-0.0780184343457,377.347869873
0.664604723454,-2.16559314728,-0.054308000952,377.37310791
0.690113484859,-2.16775822639,-0.032962564379,377.396911621
0.715559899807,-2.16957116127,-0.00812607444823,377.420684814
0.740895688534,-2.17026662827,0.012590598315,377.445983887
0.766063213348,-2.17059111595,0.0359665974975,377.469512939
0.792005062103,-2.17083573341,0.0583001747727,377.497894287
0.817566454411,-2.17015719414,0.0799756571651,377.522521973
0.843107283115,-2.16874599457,0.102781496942,377.54788208
0.85552495718,-2.16752457619,0.111432828009,377.567901611
0.881244957447,-2.16531014442,0.132596045732,377.589752197
0.906858325005,-2.16268348694,0.156649515033,377.612792969
0.931845605373,-2.15985012054,0.178858295083,377.636413574
0.957205533981,-2.15570044518,0.200719982386,377.663452148
0.982349097729,-2.15109539032,0.223770871758,377.687683105
1.00792145729,-2.14579629898,0.245183691382,377.711761475
1.03313398361,-2.14089655876,0.267154723406,377.736114502
1.05739367008,-2.13445186615,0.287573367357,377.769134521
1.09502780437,-2.1253695488,0.325289160013,377.79788208
1.10764706135,-2.12229442596,0.33990958333,377.818023682
1.1315779686,-2.11360454559,0.360161453485,377.839050293
1.15571701527,-2.10523700714,0.382968902588,377.867431641
1.17933118343,-2.09633398056,0.404416978359,377.89163208
1.20408153534,-2.08759450912,0.431063920259,377.917144775
1.22755217552,-2.07678890228,0.454138964415,377.940704346
1.26293003559,-2.06122493744,0.48788946867,377.971130371
1.28594183922,-2.04984545708,0.507791697979,377.996063232
1.30928897858,-2.03842687607,0.532105922699,378.020202637
1.33177173138,-2.02634525299,0.553173542023,378.044372559
1.3648225069,-2.00635170937,0.585003077984,378.073516846
1.40779101849,-1.97808909416,0.627886474133,378.108825684
1.45060706139,-1.94819843769,0.67519402504,378.169189453
1.48156261444,-1.92464280128,0.709638357162,378.221282959
1.50201547146,-1.90874099731,0.73285317421,378.245147705
1.51212644577,-1.90092122555,0.747228384018,378.2684021
1.53165519238,-1.88358724117,0.766958832741,378.293060303
1.5511238575,-1.86667311192,0.788908064365,378.31942749
1.57937049866,-1.84047472477,0.822815001011,378.344055176
1.59779548645,-1.82234299183,0.846561968327,378.374298096
1.61575806141,-1.80355334282,0.870798945427,378.399902344
