-0.863983213902,-0.471893399954,-1.16704463959,647.727844238
-0.854025006294,-0.496889650822,-1.14717280865,647.748840332
-0.843425035477,-0.52199947834,-1.12862241268,647.773620605
-0.83284932375,-0.547401785851,-1.10908484459,647.796813965
-0.821808636189,-0.572512328625,-1.08685934544,647.823730469
-0.815768778324,-0.585004448891,-1.0783996582,647.844299316
-0.803821086884,-0.609516561031,-1.058852911,647.867919922
-0.79117423296,-0.634217023849,-1.03824591637,647.887939453
-0.777991950512,-0.658408880234,-1.01898777485,647.915649414
-0.763956904411,-0.682419240475,-0.99977606535,647.939880371
-0.749695658684,-0.705846011639,-0.981437921524,647.963439941
-0.735178351402,-0.729093551636,-0.962597131729,647.983398438
-0.712642371655,-0.76364672184,-0.931644618511,648.009277344
-0.697200596333,-0.786336421967,-0.911039590836,648.050292969
-0.680709719658,-0.808535039425,-0.892839610577,648.076049805
-0.664085865021,-0.830804049969,-0.87171381712,648.100097656
-0.646494925022,-0.852280855179,-0.852241814137,648.125061035
-0.628732085228,-0.873157978058,-0.835093021393,648.148620605
-0.61974966526,-0.883996665478,-0.824928045273,648.168518066
-0.601741671562,-0.904804050922,-0.805281698704,648.188781738
-0.582773685455,-0.925074517727,-0.785411059856,648.208496094
-0.564127027988,-0.944933950901,-0.76524078846,648.235351562
-0.545368015766,-0.965352237225,-0.744907319546,648.261047363
-0.525546967983,-0.984708607197,-0.725978314877,648.288146973
-0.495317727327,-1.01294004917,-0.696516513824,648.319458008
-0.47418153286,-1.03122365475,-0.678096711636,648.34954834
-0.452780812979,-1.04907512665,-0.659891188145,648.379760742
-0.431449443102,-1.06684458256,-0.63982707262,648.404846191
-0.409544408321,-1.08378469944,-0.620498776436,648.428527832
-0.387008517981,-1.10049951077,-0.601187825203,648.448059082
-0.375878691673,-1.10878515244,-0.591936826706,648.468811035
-0.353001058102,-1.1249178648,-0.571151673794,648.488647461
-0.329922527075,-1.14079523087,-0.550947368145,648.511352539
-0.306609541178,-1.15644526482,-0.530137419701,648.534912109
-0.294713258743,-1.16392052174,-0.520851254463,648.555114746
-0.270592689514,-1.17819678783,-0.503280699253,648.57989502
-0.246358156204,-1.19239199162,-0.48211863637,648.603271484
-0.221554219723,-1.20629835129,-0.462101489305,648.631591797
-0.197086513042,-1.21974873543,-0.44212320447,648.656066895
-0.172181233764,-1.23247206211,-0.421802401543,648.680480957
-0.134021952748,-1.25027537346,-0.39439740777,648.704406738
-0.108351379633,-1.26191020012,-0.372761547565,648.733581543
-0.0954623669386,-1.26747131348,-0.362742573023,648.754760742
-0.06929692626,-1.27796256542,-0.344187915325,648.780456543
-0.0429853908718,-1.28805017471,-0.326048851013,648.799926758
-0.0163586772978,-1.29804813862,-0.306923955679,648.824584961
0.0104303183034,-1.30745244026,-0.287318825722,648.849243164
0.0374605208635,-1.31579625607,-0.268834859133,648.873962402
0.0646708980203,-1.32412075996,-0.249484628439,648.897827148
0.0921712815762,-1.33191728592,-0.231581315398,648.923400879
0.119301065803,-1.33965075016,-0.210545256734,648.949951172
0.146681457758,-1.34648191929,-0.191263496876,648.97454834
0.174576833844,-1.3524428606,-0.172462567687,649.00378418
0.202700257301,-1.35821998119,-0.151719585061,649.02532959
0.231003031135,-1.36346173286,-0.131025165319,649.04675293
0.259474217892,-1.36846101284,-0.10974072665,649.075256348
0.288396239281,-1.37207651138,-0.0897735878825,649.097839355
0.317231535912,-1.37508416176,-0.0707467421889,649.124206543
0.346166491508,-1.37836503983,-0.0480096563697,649.148925781
0.375360041857,-1.38151443005,-0.02688870579,649.171020508
0.389900654554,-1.3825314045,-0.0171331632882,649.191772461
0.434073060751,-1.3846091032,0.0137650379911,649.217895508
0.463292509317,-1.38515126705,0.0343248583376,649.247619629
0.492780327797,-1.38491272926,0.0547671727836,649.275817871
0.537265002728,-1.38313412666,0.0853043571115,649.300109863
0.596063494682,-1.37846159935,0.123745150864,649.331054688
0.625747144222,-1.37586021423,0.146086260676,649.390930176
0.669730782509,-1.37044978142,0.176879152656,649.416687012
0.727889299393,-1.36116492748,0.218331292272,649.453491211
0.757105946541,-1.35598015785,0.239652484655,649.50390625
0.799804925919,-1.34659016132,0.271929621696,649.532836914
0.828741371632,-1.33977770805,0.293507307768,649.556396484
0.857402265072,-1.33185124397,0.309622228146,649.5859375
0.885177850723,-1.32363593578,0.32932344079,649.614685059
0.912871420383,-1.31447589397,0.348279893398,649.637573242
0.94075512886,-1.30515944958,0.365024119616,649.657958984
0.968057572842,-1.29572021961,0.387028515339,649.691833496
0.99546957016,-1.28588354588,0.411829411983,649.711547852
1.02268326283,-1.27485322952,0.429849326611,649.734985352
1.04888093472,-1.26301443577,0.450830936432,649.761657715
1.07622158527,-1.2518171072,0.47330096364,649.784790039
1.10251939297,-1.23936522007,0.493623554707,649.811279297
1.12862801552,-1.22649741173,0.514798939228,649.835266113
1.15380489826,-1.21308612823,0.533564269543,649.861328125
1.17810547352,-1.19808089733,0.549166798592,649.887817383
1.20450842381,-1.18493282795,0.575572133064,649.912353516
1.22903370857,-1.17021727562,0.596631884575,649.936279297
1.25392448902,-1.1549782753,0.619504213333,649.964355469
1.27770364285,-1.13903784752,0.63977098465,649.991943359
1.30145847797,-1.12195515633,0.659408390522,650.012695312
1.32420134544,-1.10477900505,0.674420833588,650.034667969
1.34672808647,-1.08710873127,0.697790265083,650.067443848
1.36963629723,-1.06920814514,0.717920780182,650.091674805
1.3918774128,-1.05081856251,0.735284745693,650.117126465
1.41359305382,-1.03177976608,0.755103051662,650.140930176
1.435593009,-1.01275849342,0.777580499649,650.168945312
1.45657742023,-0.993283569813,0.797931849957,650.192504883
1.47702646255,-0.972860217094,0.817805409431,650.216491699
1.50771129131,-0.942028880119,0.849202573299,650.240478516
1.52792441845,-0.921030282974,0.868604779243,650.270080566
1.53715002537,-0.910316169262,0.879178524017,650.290405273
1.55604529381,-0.88855111599,0.89802968502,650.312927246
1.57514119148,-0.866943001747,0.918897151947,650.335083008
1.59328436852,-0.844487071037,0.940693080425,650.358886719
1.61121809483,-0.822147428989,0.959374427795,650.382446289
1.61960756779,-0.810249090195,0.969600498676,650.403564453
1.63623070717,-0.786471366882,0.986873626709,650.427490234
1.65282690525,-0.763106167316,1.00803911686,650.448486328
1.66901612282,-0.739296615124,1.02866482735,650.47454834
1.68397343159,-0.714394986629,1.04862701893,650.495300293
1.69230306149,-0.702576100826,1.05902099609,650.515686035
1.70720338821,-0.67750620842,1.08412635326,650.536621094
1.72148954868,-0.652551412582,1.10077917576,650.559814453
1.73533809185,-0.627111911774,1.12088215351,650.591125488
1.74873566628,-0.601499080658,1.14332962036,650.616394043
1.7681568861,-0.562873065472,1.17459094524,650.648132324
1.78584837914,-0.523155212402,1.2068297863,650.682800293
1.80718636513,-0.469160199165,1.24400341511,650.709533691
1.81720340252,-0.441897153854,1.26351761818,650.763916016
1.82676887512,-0.414050608873,1.28492105007,650.786071777
1.83565163612,-0.386650830507,1.30430555344,650.811401367
1.8434073925,-0.358593374491,1.32240569592,650.834838867
1.85180878639,-0.330714702606,1.34353506565,650.859008789
1.85556340218,-0.316685676575,1.35338819027,650.879638672
1.8628026247,-0.288950026035,1.374366045,650.902832031
1.87239170074,-0.246267527342,1.40386164188,650.934997559
1.875618577,-0.232066631317,1.4134323597,650.955200195
1.88087677956,-0.203564882278,1.43435156345,650.978515625
1.8861758709,-0.17536701262,1.45721948147,650.998901367
1.88938832283,-0.146178156137,1.47411382198,651.023193359
1.89519023895,-0.103655561805,1.50684309006,651.057678223
1.89620637894,-0.0890308469534,1.51582300663,651.079528809
1.89862632751,-0.0603386983275,1.5357773304,651.09979248
1.90042865276,-0.0316546075046,1.55541586876,651.124389648
1.90072667599,-0.00308341020718,1.57270312309,651.147827148
1.90216302872,0.0251503102481,1.59457600117,651.16809082
1.90253925323,0.0393885411322,1.60498714447,651.194335938
1.90323066711,0.0678817033768,1.62532973289,651.218994141
1.90226364136,0.096633374691,1.64552748203,651.239746094
1.90043902397,0.124901123345,1.66543376446,651.263183594
1.89808857441,0.152944386005,1.68512761593,651.293701172
1.89525175095,0.181053340435,1.70640480518,651.317077637
1.89203500748,0.209587752819,1.72654592991,651.337219238
1.88871657848,0.237549364567,1.74590337276,651.363220215
1.88461899757,0.265909999609,1.7669904232,651.387451172
1.87998318672,0.293691366911,1.78617477417,651.411804199
1.87748372555,0.307807683945,1.7971804142,651.431945801
1.87216961384,0.33579787612,1.81717884541,651.456481934
1.8660671711,0.363365083933,1.83597695827,651.480651855
1.85899353027,0.39077848196,1.8566981554,651.505493164
1.85080170631,0.418172180653,1.87569022179,651.52923584
1.84265017509,0.444885551929,1.8925845623,651.552490234
1.83427298069,0.471684753895,1.91326642036,651.578430176
1.82544541359,0.498384207487,1.93323791027,651.598571777
1.8164139986,0.525220215321,1.95529103279,651.62298584
1.80638194084,0.55181157589,1.97568941116,651.648925781
1.80126368999,0.565061748028,1.98631393909,651.668579102
1.78497970104,0.60432934761,2.0151014328,651.695007324
1.77330088615,0.630075871944,2.03458070755,651.722717285
1.76104605198,0.655613303185,2.05297660828,651.747924805
1.75491523743,0.668146789074,2.06268405914,651.767822266
1.74236142635,0.693182051182,2.08060288429,651.791687012
1.72933673859,0.718315005302,2.09870171547,651.816162109
1.71564412117,0.742852449417,2.11711907387,651.840148926
1.7014285326,0.766877293587,2.13700890541,651.863647461
1.68713724613,0.790910720825,2.15652751923,651.885253906
1.67981112003,0.802913069725,2.1661195755,651.905273438
1.66492271423,0.826771080494,2.18588471413,651.925109863
1.64944696426,0.850170731544,2.20699834824,651.948913574
1.63296282291,0.872933208942,2.22464704514,651.972900391
1.61644601822,0.895754277706,2.24529266357,651.996765137
1.60811460018,0.907187759876,2.25380825996,652.017456055
1.591106534,0.930018603802,2.27466773987,652.039367676
1.57343673706,0.952237784863,2.29297423363,652.061462402
1.54608142376,0.984880208969,2.32392644882,652.085083008
1.52716326714,1.00652551651,2.34441542625,652.122619629
1.50800383091,1.02783203125,2.36690330505,652.146728516
1.48764467239,1.04822552204,2.38693618774,652.17175293
1.46726822853,1.06853055954,2.40728926659,652.196228027
1.44668376446,1.08864295483,2.42770218849,652.221008301
1.43604755402,1.09898328781,2.43920207024,652.243591309
1.41456973553,1.11833250523,2.46108341217,652.268493652
1.39248883724,1.13728570938,2.48046541214,652.292480469
1.37028467655,1.15634477139,2.50194954872,652.314880371
1.34738910198,1.1749099493,2.52266812325,652.3359375
1.32415139675,1.1923520565,2.54346323013,652.359619141
1.30001747608,1.20856237411,2.56117558479,652.383056641
1.28772711754,1.2168879509,2.5706717968,652.40411377
1.26311576366,1.23319256306,2.59138035774,652.426696777
1.2385725975,1.24918568134,2.61116409302,652.447875977
1.22635853291,1.25693047047,2.62328839302,652.467834473
1.20095252991,1.27199089527,2.6429002285,652.491027832
1.17534065247,1.28690457344,2.66420817375,652.516906738
1.14955043793,1.30124402046,2.68583011627,652.538146973
1.1236487627,1.31535303593,2.70710062981,652.559143066
1.11023843288,1.32231497765,2.71822762489,652.579772949
1.08367180824,1.33542704582,2.73892569542,652.60357666
1.05689704418,1.34732711315,2.75708007812,652.63067627
1.02958238125,1.35878205299,2.77683615685,652.655822754
1.00260961056,1.37014329433,2.7973484993,652.680419922
0.975148022175,1.38060534,2.81848430634,652.704467773
0.947237730026,1.39012503624,2.8368806839,652.728942871
0.919193446636,1.39964008331,2.85917115211,652.753173828
0.876994788647,1.41315555573,2.89241862297,652.778076172
0.848763287067,1.42107343674,2.9135119915,652.815979004
0.820005536079,1.42891287804,2.93296837807,652.840881348
0.791343808174,1.43599140644,2.95215082169,652.862426758
0.762767732143,1.44250774384,2.97332072258,652.887268066
0.73391866684,1.44839715958,2.99380230904,652.909423828
0.704830348492,1.45372521877,3.01450991631,652.934265137
0.675712108612,1.45851123333,3.03442597389,652.956542969
0.646941363811,1.46211850643,3.05403518677,652.984130859
0.632077753544,1.46365892887,3.06386065483,653.004699707
0.588241636753,1.46775090694,3.09504580498,653.035400391
0.558829247952,1.47027647495,3.11516880989,653.059570312
0.529456734657,1.47224867344,3.13577604294,653.086853027
0.499913752079,1.47313225269,-3.12736487389,653.112792969
0.470421761274,1.47361552715,-3.10494470596,653.140258789
0.440863192081,1.47369122505,-3.08270668983,653.164367676
0.410948932171,1.47312343121,-3.06201815605,653.190856934
0.381403267384,1.47195959091,-3.0390150547,653.217712402
0.352355003357,1.46940112114,-3.01862382889,653.243408203
0.323307901621,1.46674716473,-2.99811291695,653.268249512
0.294013142586,1.46398663521,-2.97580695152,653.290710449
0.26524618268,1.46018886566,-2.95744252205,653.311706543
0.236487567425,1.45579838753,-2.9382557869,653.343505859
0.207594081759,1.45023262501,-2.9190132618,653.366943359
0.122590333223,1.43197643757,-2.86021113396,653.39050293
0.039593949914,1.40805101395,-2.79988431931,653.472900391
0.0257968027145,1.40405261517,-2.79014539719,653.532165527
-0.0148690780625,1.39061200619,-2.75839519501,653.561828613
-0.0417686551809,1.38096904755,-2.73732542992,653.586486816
-0.0682859867811,1.37052130699,-2.71900868416,653.611816406
-0.0943483188748,1.35978341103,-2.69854998589,653.635925293
-0.120153613389,1.34864854813,-2.67885875702,653.667358398
-0.158492818475,1.33039593697,-2.65078926086,653.692687988
-0.183510929346,1.31790363789,-2.62917923927,653.719726562
-0.220179915428,1.29763662815,-2.59946584702,653.756286621
-0.24498192966,1.28399419785,-2.57786297798,653.787109375
-0.269448667765,1.26985549927,-2.55743408203,653.8125
-0.293894320726,1.2555488348,-2.53621172905,653.838623047
-0.317578315735,1.24001288414,-2.51638197899,653.863586426
-0.340929627419,1.22455215454,-2.49584150314,653.887390137
-0.363233059645,1.20810711384,-2.47827601433,653.907897949
-0.374591171741,1.19977676868,-2.46772575378,653.930175781
-0.397203415632,1.18285143375,-2.4466547966,653.952758789
-0.4183139503,1.16525220871,-2.43091130257,653.976135254
-0.439742684364,1.14773905277,-2.41208863258,653.99621582
-0.450669169426,1.13863301277,-2.4014980793,654.018066406
-0.471572041512,1.12044501305,-2.38454580307,654.043151855
-0.492689877748,1.10158395767,-2.36483454704,654.067810059
-0.513398587704,1.08284950256,-2.34465765953,654.09173584
-0.533872425556,1.06362557411,-2.32536172867,654.115600586
-0.553307175636,1.04373705387,-2.30739998817,654.136474609
-0.572233140469,1.02355110645,-2.28950381279,654.159973145
-0.581692039967,1.01351451874,-2.27929568291,654.179931641
-0.60051035881,0.993246674538,-2.25899553299,654.20300293
-0.628641605377,0.962116539478,-2.22652411461,654.229919434
-0.637523412704,0.95161575079,-2.21704125404,654.256652832
-0.655190050602,0.929990828037,-2.19740128517,654.278503418
-0.672451674938,0.907806634903,-2.17552614212,654.302734375
-0.688961386681,0.885110557079,-2.15500092506,654.323181152
-0.705122113228,0.862165868282,-2.13439130783,654.349121094
-0.720981657505,0.839012503624,-2.11383605003,654.370544434
-0.736115455627,0.815405249596,-2.09446763992,654.395629883
-0.74356263876,0.803778290749,-2.08404421806,654.416992188
-0.757653474808,0.779594659805,-2.06536579132,654.44354248
-0.771654844284,0.755763411522,-2.04447579384,654.467773438
-0.785140514374,0.731348574162,-2.02515912056,654.490844727
-0.798230111599,0.707034349442,-2.00583910942,654.511352539
-0.810698747635,0.682223916054,-1.9871160984,654.533630371
-0.822071552277,0.656802713871,-1.96937835217,654.559326172
-0.832515656948,0.631276369095,-1.95267701149,654.584350586
-0.837988197803,0.618395030499,-1.94314324856,654.605957031
-0.848742306232,0.592914044857,-1.92506921291,654.627197266
-0.859228670597,0.566913723946,-1.90564632416,654.653137207
-0.869340777397,0.541021764278,-1.8861181736,654.676635742
-0.878652393818,0.514796674252,-1.86765241623,654.698486328
-0.887630820274,0.487772881985,-1.84897875786,654.721679688
-0.896844804287,0.461529195309,-1.82600128651,654.745239258
-0.904611885548,0.434676587582,-1.80753684044,654.779418945
-0.911822080612,0.407907932997,-1.78743088245,654.799682617
-0.918433606625,0.380798369646,-1.76819956303,654.82208252
-0.924812555313,0.353648334742,-1.74694061279,654.850097656
-0.930037796497,0.326512634754,-1.72996413708,654.881103516
-0.935750901699,0.29887586832,-1.70819103718,654.904724121
-0.940656006336,0.271314650774,-1.6884342432,654.928344727
-0.945057451725,0.244206935167,-1.66813528538,654.953796387
-0.950132906437,0.202950060368,-1.63852822781,654.982788086
-0.951232433319,0.188931673765,-1.62933957577,655.002990723
-0.952805638313,0.160902217031,-1.6113922596,655.027526855
-0.954887807369,0.119344547391,-1.57918858528,655.052124023
-0.955647826195,0.0910810083151,-1.55971717834,655.089111328
-0.956138134003,0.0630340054631,-1.53815674782,655.112731934
-0.955913722515,0.035133164376,-1.51668822765,655.13659668
-0.95511329174,0.00723782833666,-1.49705696106,655.160949707
-0.954035878181,-0.0209191795439,-1.47709548473,655.185180664
-0.952933967113,-0.0350808948278,-1.46685409546,655.205810547
-0.950663983822,-0.0627980530262,-1.44823002815,655.227050781
-0.947812616825,-0.0908667892218,-1.4312107563,655.248535156
-0.944430351257,-0.118664801121,-1.41200363636,655.271362305
-0.939980387688,-0.147017911077,-1.39314293861,655.296142578
-0.935140192509,-0.174833267927,-1.37470149994,655.320495605
-0.930407106876,-0.202851608396,-1.35439264774,655.344970703
-0.927642822266,-0.216959014535,-1.34397172928,655.368408203
-0.918792366982,-0.2583578825,-1.3145493269,655.395507812
-0.915575683117,-0.272073060274,-1.30606174469,655.419372559
-0.90889775753,-0.29964864254,-1.28675329685,655.443603516
-0.902105093002,-0.327035784721,-1.26660037041,655.468139648
-0.894522488117,-0.35431984067,-1.24805915356,655.493164062
-0.882497131824,-0.395313173532,-1.21851217747,655.516723633
-0.873066365719,-0.422298133373,-1.19829452038,655.546264648
-0.863045036793,-0.449009537697,-1.18008267879,655.569335938
-0.857865214348,-0.462230354548,-1.16989135742,655.593505859
-0.847181022167,-0.488726615906,-1.15018367767,655.617004395
-0.836555242538,-0.515402317047,-1.12979245186,655.640197754
-0.825591385365,-0.541890561581,-1.10976338387,655.66418457
-0.813830137253,-0.568026900291,-1.08916079998,655.689575195
-0.801734507084,-0.594081580639,-1.06772303581,655.713439941
-0.788934648037,-0.619581758976,-1.04662644863,655.73626709
-0.775385022163,-0.645052075386,-1.02625989914,655.75994873
-0.768092572689,-0.657389104366,-1.01673066616,655.781311035
-0.753759384155,-0.682463467121,-0.995876133442,655.801635742
-0.738760352135,-0.706943333149,-0.976533889771,655.824890137
-0.723816275597,-0.731137752533,-0.956156015396,655.849060059
-0.7078794837,-0.755350410938,-0.936209440231,655.873657227
-0.691424965858,-0.778968393803,-0.916423678398,655.904541016
-0.674788475037,-0.801959216595,-0.896692872047,655.929260254
-0.657577931881,-0.824823796749,-0.87576341629,655.950378418
-0.639942646027,-0.84723931551,-0.855117678642,655.970947266
-0.630641460419,-0.858374118805,-0.844718277454,655.992797852
-0.612141609192,-0.880205273628,-0.825267195702,656.013793945
-0.592912137508,-0.901562869549,-0.806581556797,656.033813477
-0.583472490311,-0.912184476852,-0.796322464943,656.057067871
-0.55472266674,-0.943719446659,-0.765446782112,656.080627441
-0.545124471188,-0.954169631004,-0.754924237728,656.102600098
-0.52502399683,-0.974478125572,-0.736034452915,656.12298584
-0.50482404232,-0.994247555733,-0.714847385883,656.146911621
-0.483876913786,-1.01323735714,-0.695278406143,656.175354004
-0.462520360947,-1.03186249733,-0.675592184067,656.200134277
-0.440605729818,-1.050162673,-0.656352698803,656.22052002
-0.42972895503,-1.0591520071,-0.645463466644,656.242004395
-0.407366931438,-1.07685399055,-0.626323103905,656.26348877
-0.385044813156,-1.0938937664,-0.606064200401,656.285522461
-0.362049371004,-1.11082041264,-0.586921334267,656.310974121
-0.338690489531,-1.12689220905,-0.568006515503,656.334716797
-0.315300196409,-1.14276397228,-0.548061966896,656.360046387
-0.291728556156,-1.15830409527,-0.527256250381,656.383300781
-0.279562950134,-1.1659232378,-0.517230153084,656.40423584
-0.255411684513,-1.18059325218,-0.49687731266,656.427612305
-0.231151685119,-1.19450044632,-0.476647377014,656.44720459
-0.20623627305,-1.20836400986,-0.456305414438,656.479858398
-0.181363001466,-1.22184896469,-0.435222089291,656.501342773
-0.156217038631,-1.23451471329,-0.415714800358,656.524841309
-0.130499348044,-1.24650764465,-0.398855030537,656.552185059
-0.104686208069,-1.25812673569,-0.378696382046,656.571960449
-0.0655040368438,-1.2746155262,-0.349175959826,656.596496582
-0.0524148643017,-1.27986478806,-0.340083986521,656.630187988
-0.0123531883582,-1.29528510571,-0.30956441164,656.66003418
0.0147311734036,-1.30457127094,-0.291174292564,656.684020996
0.0417404212058,-1.31321513653,-0.272082298994,656.70916748
0.0553957223892,-1.3175162077,-0.261800974607,656.729614258
0.0828889161348,-1.32585895061,-0.242893964052,656.752807617
0.110559396446,-1.3337584734,-0.223526507616,656.77545166
0.138211175799,-1.34104001522,-0.204504311085,656.795227051
0.166217505932,-1.34720504284,-0.186303302646,656.824645996
0.194468259811,-1.3534270525,-0.165623396635,656.848571777
0.222577214241,-1.35923421383,-0.14348308742,656.872497559
0.250885814428,-1.36442375183,-0.122438751161,656.901306152
0.27992272377,-1.36878609657,-0.101637512445,656.928100586
0.308462560177,-1.37243139744,-0.0807299688458,656.952331543
0.336947023869,-1.37552714348,-0.0607695244253,656.9765625
0.366221696138,-1.37900698185,-0.0394201353192,657.002502441
0.409823656082,-1.38197135925,-0.00999548658729,657.034912109
0.439067542553,-1.38338875771,0.0117933619767,657.058776855
0.453759431839,-1.38357663155,0.0211086217314,657.078369141
0.482699155807,-1.38409149647,0.0411592386663,657.104309082
0.512029290199,-1.38357675076,0.0627911835909,657.126464844
0.540890395641,-1.38213503361,0.0811837688088,657.149719238
0.569959580898,-1.38043010235,0.101739175618,657.17175293
0.599102139473,-1.37802493572,0.121009677649,657.197753906
0.628013491631,-1.37557506561,0.142358243465,657.221191406
0.642568171024,-1.37402224541,0.152665555477,657.244506836
0.671653270721,-1.37040328979,0.17295691371,657.268554688
0.700430452824,-1.36609482765,0.194217398763,657.292663574
0.728899896145,-1.36100566387,0.213130608201,657.315917969
0.757531166077,-1.35612082481,0.234336167574,657.336730957
0.785894751549,-1.35037648678,0.255500853062,657.356384277
0.814211606979,-1.34377384186,0.275946348906,657.383239746
0.828976631165,-1.34068226814,0.28700709343,657.407043457
0.857531189919,-1.33322060108,0.304347723722,657.431762695
0.899153590202,-1.32088875771,0.331586301327,657.457519531
0.926849007607,-1.31173729897,0.353932857513,657.481079102
0.954785704613,-1.30214393139,0.374023854733,657.507446289
0.982324004173,-1.29252612591,0.393745183945,657.533203125
1.00977742672,-1.28204119205,0.413716524839,657.556762695
1.02313375473,-1.27645778656,0.424420207739,657.581604004
1.05010521412,-1.26549470425,0.446847945452,657.606506348
1.08935010433,-1.24730956554,0.477694928646,657.631164551
1.11650502682,-1.23586475849,0.500620782375,657.659423828
1.142162323,-1.22319328785,0.521098256111,657.684387207
1.16611456871,-1.20766162872,0.533987283707,657.707946777
1.19268667698,-1.19511067867,0.562098503113,657.732849121
1.21713221073,-1.1801609993,0.58004039526,657.760131836
1.24213540554,-1.16554117203,0.602824032307,657.784179688
1.25416386127,-1.15757906437,0.612830936909,657.805664062
1.27820944786,-1.14190638065,0.632813453674,657.82623291
1.3023917675,-1.1252964735,0.652508914471,657.849121094
1.32536482811,-1.10804986954,0.671293437481,657.87322998
1.3480117321,-1.09055161476,0.690777003765,657.896606445
1.37116646767,-1.07257556915,0.712978422642,657.920410156
1.3936290741,-1.05444431305,0.732676565647,657.945495605
1.40466976166,-1.04508829117,0.74196857214,657.96887207
1.42635452747,-1.02605700493,0.76412242651,657.988952637
1.44772708416,-1.00664329529,0.781012535095,658.010253906
1.4690092802,-0.987149477005,0.799528896809,658.030944824
1.47900974751,-0.976916670799,0.8100451231,658.053405762
1.50003325939,-0.957070827484,0.831832945347,658.076904297
1.52008724213,-0.93642604351,0.851574838161,658.097412109
1.54000222683,-0.915417075157,0.875444054604,658.120788574
1.54943621159,-0.90462577343,0.882487297058,658.144592285
1.56838750839,-0.882693707943,0.905732750893,658.168579102
1.58704900742,-0.860596656799,0.925527215004,658.192565918
1.605224967,-0.838511824608,0.942839503288,658.216003418
1.62255644798,-0.815279662609,0.962626695633,658.240356445
1.6400257349,-0.791786730289,0.980133235455,658.26385498
1.6565772295,-0.768278837204,0.999912858009,658.287414551
1.67302513123,-0.744573295116,1.02338278294,658.310852051
1.68890118599,-0.720414280891,1.04176950455,658.33404541
1.70448672771,-0.695757210255,1.0632160902,658.359191895
1.71864891052,-0.670666754246,1.08317708969,658.385498047
1.73280346394,-0.645401418209,1.10452723503,658.407409668
1.7397660017,-0.63263040781,1.11206424236,658.428588867
1.75372135639,-0.607323229313,1.13699424267,658.452270508
1.76720380783,-0.581447064877,1.15728437901,658.475524902
1.77976477146,-0.555256783962,1.1787879467,658.497070312
1.79191362858,-0.528975903988,1.19842112064,658.522216797
1.80289876461,-0.501702427864,1.21642947197,658.546264648
1.80860579014,-0.488586634398,1.22839176655,658.567016602
1.82383692265,-0.447446554899,1.2566242218,658.595031738
1.82912814617,-0.433880627155,1.26724767685,658.61895752
1.84249413013,-0.392607301474,1.29580068588,658.642272949
1.85082113743,-0.364493280649,1.31472730637,658.676635742
1.85853159428,-0.33618324995,1.32917869091,658.702148438
1.86722445488,-0.308095276356,1.35444617271,658.725646973
1.87784850597,-0.266383439302,1.38715362549,658.757324219
1.8808619976,-0.251873880625,1.39601838589,658.781066895
1.88663077354,-0.223496034741,1.41646659374,658.804626465
1.89240300655,-0.195245087147,1.4395288229,658.828613281
1.89685463905,-0.16621273756,1.45813798904,658.852478027
1.90059363842,-0.137422680855,1.47809743881,658.876708984
1.90431022644,-0.108690679073,1.49746847153,658.901367188
1.90762960911,-0.0798716023564,1.51821744442,658.925598145
1.91025984287,-0.0505844205618,1.5393819809,658.949401855
1.91106891632,-0.0216062739491,1.55663335323,658.976257324
1.91166448593,0.00688977399841,1.57827222347,658.996337891
1.91215658188,0.021251630038,1.58736503124,659.017456055
1.91341030598,0.0504460521042,1.60913801193,659.03704834
1.91351485252,0.0649381875992,1.61921107769,659.056762695
1.91269767284,0.0938956290483,1.6383972168,659.079040527
1.91123175621,0.122816756368,1.65832448006,659.102172852
1.90908002853,0.151680454612,1.67770051956,659.122192383
1.90840697289,0.166097983718,1.68891000748,659.14251709
1.90550541878,0.194802433252,1.70961880684,659.166809082
1.90205395222,0.223550394177,1.73018169403,659.191162109
1.89834964275,0.252048432827,1.75191736221,659.213623047
1.89395570755,0.280521273613,1.77184557915,659.236755371
1.88917458057,0.308645814657,1.79239535332,659.26159668
1.88670182228,0.322784781456,1.80323207378,659.281494141
1.88142454624,0.350934237242,1.82455587387,659.303161621
1.87473547459,0.378547221422,1.84095084667,659.324707031
1.87124836445,0.392107188702,1.85057294369,659.345214844
1.86370790005,0.419598639011,1.87007749081,659.36932373
1.85576975346,0.446585714817,1.88912034035,659.39276123
1.84691262245,0.473282635212,1.90780055523,659.416320801
1.8380368948,0.499871999025,1.9276227951,659.439941406
1.82888793945,0.526690006256,1.94959068298,659.462097168
1.81922078133,0.553224921227,1.96946418285,659.489318848
1.80921328068,0.57995313406,1.99009215832,659.512268066
1.79835295677,0.606254577637,2.00947403908,659.532653809
1.79272961617,0.619558691978,2.01925182343,659.555541992
1.78098714352,0.645225584507,2.0388405323,659.579101562
1.76885557175,0.670770823956,2.05734658241,659.603210449
1.75614500046,0.696446359158,2.07639336586,659.623962402
1.74951612949,0.709422230721,2.08558654785,659.644287109
1.73572003841,0.734626889229,2.1045255661,659.665100098
1.72200870514,0.758982777596,2.12375998497,659.692687988
1.70000481606,0.795760631561,2.15226697922,659.726074219
1.6849821806,0.820055544376,2.17210006714,659.749694824
1.66976356506,0.844274818897,2.19285202026,659.771118164
1.66173052788,0.856148719788,2.20222306252,659.793395996
1.64548885822,0.879565536976,2.22331666946,659.814025879
1.6286444664,0.90302836895,2.24351835251,659.837158203
1.6114153862,0.926406860352,2.26328825951,659.860900879
1.59395945072,0.949613511562,2.28358078003,659.891357422
1.57562291622,0.972013771534,2.30285048485,659.913452148
1.55659794807,0.993871867657,2.32240724564,659.937011719
1.53752350807,1.01545190811,2.34389328957,659.957885742
1.52777576447,1.02668261528,2.35447645187,659.977478027
1.50788724422,1.0480401516,2.37627577782,659.998596191
1.48754346371,1.06910121441,2.39859032631,660.021057129
1.46664464474,1.08959388733,2.42046737671,660.046630859
1.44514393806,1.10961556435,2.44159436226,660.069946289
1.43439042568,1.11937308311,2.45215797424,660.09362793
1.41202867031,1.13866460323,2.47192311287,660.117919922
1.38954401016,1.15766644478,2.49301338196,660.140014648
1.36687147617,1.17651593685,2.51293611526,660.161315918
1.35544109344,1.18577837944,2.52381443977,660.181884766
1.3319466114,1.20331096649,2.54389357567,660.204650879
1.30744409561,1.22016882896,2.56164979935,660.228881836
1.28339862823,1.23688340187,2.58469009399,660.252197266
1.25851488113,1.25298762321,2.60482382774,660.272399902
1.22084987164,1.27597892284,2.63565921783,660.307556152
1.19529628754,1.29052686691,2.65536856651,660.331665039
1.16968643665,1.30498874187,2.67728996277,660.357849121
1.14368867874,1.31939435005,2.69805431366,660.381469727
1.13071978092,1.32600128651,2.70799088478,660.407409668
1.10407710075,1.3397783041,2.72936916351,660.42755127
1.07730090618,1.35277199745,2.75069928169,660.451477051
1.05045950413,1.36471045017,2.77104759216,660.471557617
1.02275550365,1.37599611282,2.7926940918,660.493591309
1.00901973248,1.38138234615,2.80335974693,660.517578125
0.981141269207,1.39144659042,2.82263493538,660.538024902
0.953257381916,1.40155673027,2.84261226654,660.563842773
0.924816250801,1.41073477268,2.8622648716,660.58770752
0.89643740654,1.41987085342,2.88195014,660.612426758
0.867500603199,1.42850232124,2.9056391716,660.632202148
0.838603675365,1.43633317947,2.92689561844,660.661804199
0.809516131878,1.44452035427,2.94869112968,660.685302734
0.780268907547,1.45077133179,2.96844291687,660.717102051
0.750784635544,1.4569722414,2.9889087677,660.739257812
0.721308231354,1.46258413792,3.0100069046,660.760681152
0.706627309322,1.46522402763,3.02141475677,660.780822754
0.677002131939,1.46936154366,3.04084324837,660.80480957
0.647689938545,1.47276461124,3.05891942978,660.828674316
0.617940306664,1.47575485706,3.07940602303,660.852661133
0.588398098946,1.47872686386,3.1006860733,660.87677002
0.558894515038,1.48086583614,3.12253785133,660.900512695
0.529097557068,1.48220920563,-3.14064526558,660.924072266
0.499166071415,1.48299992085,-3.11969590187,660.948059082
0.469492942095,1.48291599751,-3.09805870056,660.972717285
0.424549609423,1.48269116879,-3.06360793114,660.993347168
0.394745320082,1.48149991035,-3.04494976997,661.037658691
0.364675581455,1.47970950603,-3.0211327076,661.058227539
0.349579662085,1.47845625877,-3.01176738739,661.081176758
0.319936990738,1.47515499592,-2.99057555199,661.103515625
0.290233492851,1.47185361385,-2.96855139732,661.125671387
0.260857641697,1.46779930592,-2.94816946983,661.149414062
0.231615960598,1.46311914921,-2.92711544037,661.172790527
0.202462106943,1.45751452446,-2.9085726738,661.19909668
0.173691928387,1.45179963112,-2.88861465454,661.227233887
0.145169198513,1.4447299242,-2.86966657639,661.251220703
0.116555310786,1.4379774332,-2.84943270683,661.273803711
0.0880651846528,1.42989301682,-2.83071470261,661.297241211
0.0600855983794,1.42160224915,-2.80907464027,661.323059082
0.0322441868484,1.41278135777,-2.78857088089,661.350952148
0.0046911360696,1.40380990505,-2.76651334763,661.376525879
-0.0366943478584,1.38934278488,-2.73606348038,661.402587891
-0.0502671934664,1.38394761086,-2.72506999969,661.431762695
-0.0908075794578,1.36773014069,-2.69719076157,661.461181641
-0.104196727276,1.36201751232,-2.68660473824,661.481567383
-0.130400300026,1.35006451607,-2.66789603233,661.501586914
-0.156867146492,1.33733832836,-2.6475007534,661.525024414
-0.182800203562,1.32437694073,-2.62523031235,661.546691895
-0.195326372981,1.31794404984,-2.61447381973,661.56854248
-0.220774307847,1.30338191986,-2.59364795685,661.592041016
-0.245920464396,1.28881633282,-2.57255911827,661.611938477
-0.271131277084,1.27411973476,-2.5519285202,661.637268066
-0.296164959669,1.25910627842,-2.53067922592,661.658752441
-0.320371717215,1.24333703518,-2.50989699364,661.683166504
-0.344376891851,1.22730028629,-2.48798656464,661.71081543
-0.367804557085,1.20997953415,-2.46886253357,661.739685059
-0.390982747078,1.1923443079,-2.44826865196,661.760314941
-0.413329273462,1.17359876633,-2.42982268333,661.784423828
-0.435667842627,1.15556073189,-2.41011738777,661.807922363
-0.457596033812,1.13673126698,-2.39103364944,661.835876465
-0.479220688343,1.11775946617,-2.37149691582,661.858093262
-0.489766299725,1.10821866989,-2.36270833015,661.878662109
-0.511076211929,1.08842051029,-2.34192037582,661.898864746
-0.532477557659,1.06875121593,-2.32158851624,661.926391602
-0.55299192667,1.04811060429,-2.30147457123,661.946350098
-0.562616288662,1.0376636982,-2.29228281975,661.966796875
-0.58185762167,1.01649391651,-2.2733206749,661.990234375
-0.601237237453,0.995282590389,-2.25149822235,662.015686035
-0.62027913332,0.973712384701,-2.23114585876,662.040283203
-0.638962030411,0.951856553555,-2.21006798744,662.063842773
-0.656860768795,0.929557144642,-2.19075226784,662.084594727
-0.66568338871,0.918209910393,-2.17968606949,662.104309082
-0.682752609253,0.895101726055,-2.15836143494,662.128723145
-0.699449717999,0.871747791767,-2.1362965107,662.148254395
-0.716069936752,0.848316669464,-2.11324954033,662.172729492
-0.731504380703,0.824044466019,-2.09244084358,662.195129395
-0.738825678825,0.811854362488,-2.0831515789,662.217773438
-0.75350278616,0.787230551243,-2.06293272972,662.237792969
-0.767398476601,0.762447297573,-2.04378700256,662.262329102
-0.781217396259,0.737690746784,-2.02380514145,662.287353516
-0.794674992561,0.712433278561,-2.00490427017,662.311096191
-0.807721018791,0.687180161476,-1.9837346077,662.336486816
-0.819512367249,0.661096811295,-1.96499884129,662.360839844
-0.830353438854,0.63499045372,-1.94683396816,662.384521484
-0.84096121788,0.608805477619,-1.92807877064,662.409240723
-0.846254229546,0.59564101696,-1.91798198223,662.432556152
-0.861597120762,0.55595099926,-1.88915514946,662.456481934
-0.871535539627,0.528862118721,-1.87078666687,662.483276367
-0.876199543476,0.515456020832,-1.86175990105,662.504882812
-0.884912014008,0.487724334002,-1.84350192547,662.527099609
-0.897899329662,0.446915894747,-1.8124383688,662.559631348
-0.90600246191,0.419475287199,-1.79016160965,662.583251953
-0.91002291441,0.405831485987,-1.7789965868,662.60534668
-0.916743099689,0.378051698208,-1.75853228569,662.628356934
-0.922275841236,0.350368976593,-1.73996698856,662.652648926
-0.927425861359,0.322391211987,-1.71870934963,662.677001953
-0.93237298727,0.294182181358,-1.70066177845,662.70111084
-0.937314927578,0.26589679718,-1.68054127693,662.72479248
-0.941633582115,0.238258838654,-1.65937781334,662.74822998
-0.944775044918,0.209884226322,-1.63993930817,662.772094727
-0.947422087193,0.180798888206,-1.6181948185,662.796142578
-0.948391497135,0.166746169329,-1.60818588734,662.819763184
-0.950355052948,0.137977272272,-1.58675312996,662.840148926
-0.951180934906,0.109085664153,-1.56628227234,662.860656738
-0.951675891876,0.080442212522,-1.54436206818,662.882324219
-0.950952351093,0.0514973700047,-1.52519464493,662.908935547
-0.950572013855,0.0372163280845,-1.51523077488,662.928588867
-0.949314951897,-0.00594282429665,-1.48410737514,662.954284668
-0.948180913925,-0.020677536726,-1.47374355793,662.980407715
-0.945939719677,-0.04940764606,-1.45413410664,663.000549316
-0.943633854389,-0.0782939717174,-1.43419122696,663.02331543
-0.940710246563,-0.107232578099,-1.41342937946,663.04296875
-0.936964452267,-0.13626332581,-1.39278507233,663.070556641
-0.934433817863,-0.150685608387,-1.38339865208,663.094299316
-0.929013192654,-0.179085046053,-1.36373865604,663.117614746
-0.923241376877,-0.207597360015,-1.34531855583,663.140991211
-0.917306303978,-0.236066177487,-1.32534325123,663.167297363
-0.911288917065,-0.264480471611,-1.30622017384,663.191894531
-0.903930723667,-0.293107867241,-1.28712022305,663.215759277
-0.896570384502,-0.321405589581,-1.26649212837,663.235595703
-0.888988792896,-0.349908769131,-1.24651420116,663.260437012
-0.881283164024,-0.378124684095,-1.22474014759,663.285705566
-0.872149944305,-0.406069219112,-1.20297205448,663.310424805
-0.862023234367,-0.433240354061,-1.18413507938,663.332763672
-0.856662392616,-0.446973562241,-1.17474520206,663.355529785
-0.8459597826,-0.474195033312,-1.15512919426,663.380554199
-0.834902942181,-0.50114095211,-1.13550639153,663.40447998
-0.823775947094,-0.528301477432,-1.1144143343,663.430358887
-0.812112271786,-0.555074930191,-1.09214603901,663.451721191
-0.793382167816,-0.595276594162,-1.05942106247,663.48236084
-0.786760210991,-0.608280956745,-1.04916477203,663.502807617
-0.772711694241,-0.634364247322,-1.02786076069,663.525512695
-0.758165538311,-0.659916460514,-1.00668299198,663.549316406
-0.743102014065,-0.684996008873,-0.987221896648,663.575500488
-0.727916061878,-0.710139095783,-0.967225492001,663.59552002
-0.719922542572,-0.722563266754,-0.957615911961,663.618286133
-0.703553140163,-0.74731361866,-0.937954366207,663.639221191
-0.68642103672,-0.771339952946,-0.918596923351,663.659912109
-0.669933617115,-0.795494675636,-0.895175516605,663.68536377
-0.661230802536,-0.80749630928,-0.884677827358,663.705444336
-0.643226265907,-0.830742120743,-0.862829864025,663.726867676
-0.624631762505,-0.853472709656,-0.840503692627,663.747741699
-0.605133533478,-0.875732779503,-0.822865664959,663.771850586
-0.585451483727,-0.89781409502,-0.802608847618,663.795654297
-0.57564586401,-0.908800423145,-0.792153298855,663.819030762
-0.555673837662,-0.930572330952,-0.771837890148,663.843566895
-0.535640478134,-0.952225625515,-0.749514997005,663.863891602
-0.515062570572,-0.973349571228,-0.728210628033,663.889160156
-0.493719577789,-0.993747472763,-0.707768559456,663.913635254
-0.47188141942,-1.01330983639,-0.686628401279,663.936523438
-0.449343979359,-1.0325152874,-0.66714566946,663.964904785
-0.415026217699,-1.06017327309,-0.637044548988,663.999633789
-0.392100572586,-1.07853579521,-0.615895628929,664.024108887
-0.368416845798,-1.09612905979,-0.595142245293,664.044799805
-0.344453454018,-1.11328864098,-0.574892580509,664.071655273
-0.320141196251,-1.13010108471,-0.554164230824,664.096557617
-0.295555382967,-1.14651989937,-0.533361077309,664.132080078
-0.258161246777,-1.16945755482,-0.502575695515,664.15625
-0.245662346482,-1.17672264576,-0.49335026741,664.182617188
-0.219754785299,-1.19085741043,-0.473798155785,664.202636719
-0.194674134254,-1.20533299446,-0.451828509569,664.222167969
-0.182017877698,-1.21230351925,-0.441196590662,664.243835449
-0.156181290746,-1.22569692135,-0.41944861412,664.269287109
-0.116449922323,-1.24415898323,-0.389081686735,664.298828125
-0.0897782742977,-1.2559646368,-0.369882971048,664.327087402
-0.0626475811005,-1.26739168167,-0.3495901227,664.353515625
-0.0353320911527,-1.27813899517,-0.330668598413,664.379089355
-0.00787038169801,-1.28845238686,-0.311148673296,664.403198242
0.0198588948697,-1.29800450802,-0.291446715593,664.427429199
0.0475581735373,-1.30731892586,-0.270751386881,664.451477051
0.0901744291186,-1.32047319412,-0.241501674056,664.475463867
0.118234463036,-1.32842493057,-0.221859276295,664.502685547
0.132508262992,-1.33213305473,-0.211738795042,664.530395508
0.161213815212,-1.33923661709,-0.191576346755,664.550170898
0.190081059933,-1.34587216377,-0.169241636992,664.575683594
0.21917013824,-1.35146892071,-0.149028673768,664.598815918
0.233726143837,-1.35410904884,-0.139260113239,664.619689941
0.277794331312,-1.36143624783,-0.108281224966,664.641906738
0.306968003511,-1.36510574818,-0.0867837369442,664.670898438
0.3214828372,-1.36701011658,-0.0767087042332,664.694702148
0.35129109025,-1.37061142921,-0.0547643043101,664.714660645
0.38059002161,-1.37325429916,-0.0349428877234,664.739013672
0.410726368427,-1.37584960461,-0.0125194648281,664.763427734
0.440668642521,-1.37771725655,0.0109097035602,664.788635254
0.470580011606,-1.37807238102,0.0297820139676,664.812438965
0.500550627708,-1.37762868404,0.0497521199286,664.836425781
0.530896306038,-1.37701284885,0.0703419521451,664.861877441
0.545587360859,-1.37622928619,0.0790175199509,664.882507324
0.575621068478,-1.37461912632,0.10048609972,664.902404785
0.605780363083,-1.37219452858,0.120912849903,664.92578125
0.63559627533,-1.36955559254,0.143298208714,664.945800781
0.650496959686,-1.36796998978,0.15381129086,664.966369629
0.680276632309,-1.36437618732,0.17611771822,664.986999512
0.709612905979,-1.35964012146,0.195807904005,665.012634277
0.739000380039,-1.35476660728,0.216069951653,665.034484863
0.768302023411,-1.34929823875,0.237171605229,665.058105469
0.782979667187,-1.34627747536,0.24671305716,665.081481934
0.811948895454,-1.34012043476,0.268662631512,665.102294922
0.841278731823,-1.33351409435,0.291027784348,665.125732422
0.869595825672,-1.32567501068,0.304879695177,665.145385742
0.883959591389,-1.32160830498,0.314803004265,665.168273926
0.926101267338,-1.30864405632,0.344136893749,665.192077637
0.954447031021,-1.29900443554,0.366202950478,665.222473145
0.9822255373,-1.2892922163,0.388171851635,665.247497559
1.01006519794,-1.27901518345,0.407264590263,665.279907227
1.03672146797,-1.26752078533,0.423946708441,665.307373047
1.07766866684,-1.25125551224,0.463242024183,665.332885742
1.10411977768,-1.23914384842,0.483814239502,665.361938477
1.13044834137,-1.2266510725,0.505463838577,665.388427734
1.18139469624,-1.20002388954,0.545321285725,665.437133789
1.2065936327,-1.18543231487,0.565210163593,665.469360352
1.23119449615,-1.17074799538,0.586107969284,665.490783691
1.25608992577,-1.15617632866,0.607830643654,665.512939453
1.2803235054,-1.14045417309,0.626997828484,665.536743164
1.3042126894,-1.1240593195,0.648348689079,665.558227539
1.31567358971,-1.1157040596,0.657306969166,665.581176758
1.34957647324,-1.08965098858,0.684758901596,665.605834961
1.36111724377,-1.08072459698,0.695843577385,665.628356934
1.38391304016,-1.06291544437,0.715616285801,665.651611328
1.40583467484,-1.0450001955,0.735358953476,665.67590332
1.4273802042,-1.02643239498,0.755126476288,665.700134277
1.44862675667,-1.00755083561,0.774263858795,665.724609375
1.47981965542,-0.978587567806,0.804302930832,665.748474121
1.50043773651,-0.958891689777,0.825089871883,665.791870117
1.52041578293,-0.938795030117,0.844549953938,665.817382812
1.54034686089,-0.918469548225,0.865737438202,665.838012695
1.55871903896,-0.89688295126,0.8863530159,665.86114502
1.57749402523,-0.875607013702,0.904617488384,665.884521484
1.59581708908,-0.853984355927,0.925474822521,665.908630371
1.61411094666,-0.832547605038,0.945174157619,665.938476562
1.63090252876,-0.809324681759,0.961081266403,665.962402344
1.64755582809,-0.786180078983,0.984104573727,665.987182617
1.67217671871,-0.751607358456,1.00978529453,666.00982666
1.68800985813,-0.728354215622,1.03208959103,666.050048828
1.70350337029,-0.704235136509,1.05089366436,666.07421875
1.71789240837,-0.679795265198,1.07008862495,666.097717285
1.73200976849,-0.655451416969,1.09021341801,666.121704102
1.74590277672,-0.630419015884,1.10918784142,666.145324707
1.75246822834,-0.618217587471,1.11992537975,666.165466309
1.76654374599,-0.593640804291,1.14244616032,666.190734863
1.78507518768,-0.555564463139,1.17487084866,666.216491699
1.79675078392,-0.529565930367,1.19442486763,666.245727539
1.80234801769,-0.516283333302,1.20414865017,666.269226074
1.81337034702,-0.490089714527,1.22384214401,666.291015625
1.824031353,-0.46369484067,1.24205601215,666.315002441
1.83367717266,-0.437080949545,1.26122939587,666.33996582
1.84292840958,-0.410219430923,1.2812204361,666.362487793
1.85154402256,-0.383005976677,1.29893088341,666.385620117
1.85598659515,-0.369185179472,1.31177914143,666.40612793
1.86389350891,-0.341996490955,1.32992112637,666.429138184
1.87160634995,-0.31426808238,1.34927201271,666.451904297
1.87847995758,-0.286603033543,1.36853444576,666.473083496
1.88552463055,-0.258866250515,1.38934481144,666.498596191
1.89190089703,-0.231158316135,1.41038870811,666.52154541
1.89453864098,-0.216901406646,1.42044186592,666.545166016
1.90169692039,-0.174563020468,1.45026516914,666.573120117
1.90603291988,-0.14598710835,1.47137224674,666.596069336
1.91009497643,-0.117732711136,1.49134981632,666.619506836
1.91182458401,-0.103644706309,1.50083553791,666.644775391
1.91464984417,-0.0749239474535,1.52071249485,666.668273926
1.91671586037,-0.0459307618439,1.54007649422,666.692504883
1.91814374924,-0.00337124825455,1.5683914423,666.72668457
1.92005062103,0.0396437831223,1.59922122955,666.759216309
1.92029130459,0.0534695275128,1.60905146599,666.780517578
1.91997039318,0.0818857178092,1.62881827354,666.804748535
1.91883337498,0.110476762056,1.64815020561,666.828063965
1.91756486893,0.138854280114,1.66947925091,666.850341797
1.9151519537,0.16743850708,1.68982470036,666.877685547
1.91245019436,0.195629164577,1.711145401,666.903076172
1.90906989574,0.224520877004,1.73242557049,666.92767334
1.90329277515,0.267098158598,1.76203596592,666.964172363
1.89903640747,0.295262694359,1.78254449368,666.984558105
1.89380168915,0.323404729366,1.80237948895,667.009155273
1.88828289509,0.351497083902,1.82293188572,667.033081055
1.8847630024,0.365211606026,1.83043885231,667.056518555
1.87874376774,0.392901837826,1.85232496262,667.080505371
1.87113082409,0.420318305492,1.8714928627,667.104553223
1.85829663277,0.461291491985,1.90054941177,667.135620117
1.84517014027,0.501220345497,1.9281052351,667.171447754
1.8358424902,0.528089106083,1.94832801819,667.191833496
1.82592856884,0.554417788982,1.96946072578,667.224121094
1.8160610199,0.580914497375,1.99037539959,667.253295898
1.80517446995,0.607223808765,2.01074409485,667.279846191
1.79387414455,0.63351970911,2.03098225594,667.306274414
1.78143978119,0.659179866314,2.04871463776,667.330688477
1.76903939247,0.684642076492,2.06771540642,667.355895996
1.75631308556,0.710384249687,2.08569192886,667.380859375
1.74296116829,0.735681891441,2.10656952858,667.405456543
1.72878479958,0.75983864069,2.12321949005,667.430786133
1.71423578262,0.784076869488,2.14035749435,667.456542969
1.69199502468,0.821105360985,2.17252182961,667.481201172
1.6767629385,0.845227599144,2.19243431091,667.511901855
1.66037642956,0.869160354137,2.21223115921,667.536743164
1.64349150658,0.892598390579,2.23230266571,667.56048584
1.62658202648,0.915771663189,2.25349473953,667.584533691
1.60954582691,0.939139425755,2.27363705635,667.610473633
1.59173059464,0.962253391743,2.29376292229,667.636108398
1.57331967354,0.984215199947,2.3135676384,667.66003418
1.55381679535,1.00605714321,2.33318519592,667.692749023
1.53429949284,1.0277775526,2.35428118706,667.717285156
1.46294510365,1.10029125214,2.42799949646,667.737487793
1.43083369732,1.13018739223,2.46057224274,667.836975098
1.40842688084,1.14927387238,2.48030877113,667.86315918
1.29115271568,1.23770165443,2.58382487297,667.887512207
1.26617717743,1.2537766695,2.6048104763,668.010742188
1.24135673046,1.26939129829,2.62428236008,668.033996582
1.22912549973,1.27750587463,2.63664579391,668.057067871
1.19065058231,1.29946303368,2.66760540009,668.092285156
1.16453397274,1.31340479851,2.6872947216,668.115600586
1.13813316822,1.32714879513,2.70809793472,668.14050293
1.11180949211,1.3411012888,2.73125243187,668.165405273
1.08455967903,1.35412168503,2.75023436546,668.189880371
1.05749678612,1.36595380306,2.77040481567,668.213134766
1.02968513966,1.3776640892,2.79121232033,668.235473633
1.01584804058,1.38316249847,2.80238866806,668.255859375
0.987937867641,1.39339780807,2.82050466537,668.279785156
