-0.166292369366,1.17869794369,-0.251216560602,1633.21630859
-0.140193164349,1.17220652103,-0.276356458664,1633.2401123
-0.114373885095,1.16533315182,-0.301426738501,1633.26391602
-0.0889518335462,1.15735816956,-0.324189275503,1633.28759766
-0.06322119385,1.14894318581,-0.347708165646,1633.31384277
-0.0377364009619,1.14050936699,-0.371821224689,1633.33740234
-0.0128926439211,1.13109767437,-0.394335329533,1633.36206055
0.0120793087408,1.12051165104,-0.416503787041,1633.38708496
0.0364871956408,1.10961389542,-0.438715875149,1633.4074707
0.060538765043,1.09793043137,-0.460201472044,1633.44348145
0.0847175046802,1.08579945564,-0.480638712645,1633.46911621
0.108826123178,1.07370054722,-0.50504308939,1633.49255371
0.132400646806,1.06039595604,-0.528721868992,1633.51660156
0.155765786767,1.04712975025,-0.553549706936,1633.54077148
0.179047241807,1.03340983391,-0.579088330269,1633.56469727
0.20206490159,1.01913607121,-0.602495968342,1633.58911133
0.224495410919,1.0042719841,-0.626912295818,1633.62011719
0.246494963765,0.988441884518,-0.65009367466,1633.64367676
0.267959445715,0.971642255783,-0.670984685421,1633.66845703
0.288999676704,0.954993963242,-0.694514155388,1633.69262695
0.310111641884,0.938153266907,-0.71764421463,1633.71716309
0.340379685163,0.911270737648,-0.751929044724,1633.7520752
0.360248953104,0.893200874329,-0.777714729309,1633.77270508
0.379306584597,0.874534964561,-0.799701452255,1633.79772949
0.398005455732,0.855112671852,-0.822899758816,1633.81787109
0.416450977325,0.835632383823,-0.843487918377,1633.85632324
0.443107038736,0.805376946926,-0.873858392239,1633.88317871
0.459945261478,0.785614311695,-0.902302026749,1633.90869141
0.476465135813,0.765143811703,-0.930555701256,1633.93286133
0.492693305016,0.743744969368,-0.950748383999,1633.96020508
0.508693099022,0.722662568092,-0.970194101334,1633.98498535
0.523787915707,0.700598478317,-0.993074417114,1634.00854492
0.53104108572,0.689723610878,-1.00636458397,1634.0324707
0.552184462547,0.656096875668,-1.03753769398,1634.05664062
0.572620093822,0.621978223324,-1.07411873341,1634.08312988
0.584900140762,0.598991692066,-1.09544169903,1634.12902832
0.59744989872,0.575600624084,-1.1205085516,1634.15283203
0.608812391758,0.552084684372,-1.14369988441,1634.17663574
0.619489073753,0.528465092182,-1.16676974297,1634.20007324
0.63016885519,0.504965722561,-1.19091415405,1634.22814941
0.640508830547,0.48159301281,-1.21648776531,1634.25024414
0.644793570042,0.469460040331,-1.22735357285,1634.2701416
0.657379150391,0.432788312435,-1.25875842571,1634.29577637
0.66133505106,0.420386105776,-1.26921033859,1634.3157959
0.669215202332,0.395900070667,-1.29144585133,1634.33862305
0.676537156105,0.371306121349,-1.31345033646,1634.36291504
0.683004081249,0.346113055944,-1.33588182926,1634.38330078
0.685863852501,0.333305925131,-1.34699332714,1634.40759277
0.693700611591,0.295412272215,-1.37882483006,1634.43249512
0.696302890778,0.28260949254,-1.39115357399,1634.45666504
0.701388180256,0.256963133812,-1.41524159908,1634.48071289
0.705687105656,0.231070354581,-1.4382365942,1634.5045166
0.710395991802,0.192321494222,-1.47094523907,1634.53527832
0.713080763817,0.166106507182,-1.49265086651,1634.5637207
0.715240120888,0.139954313636,-1.51514708996,1634.59472656
0.716917455196,0.113930612803,-1.53783369064,1634.61962891
0.717874526978,0.0876276120543,-1.56086266041,1634.64428711
0.71808975935,0.0613854080439,-1.58335256577,1634.66845703
0.717738389969,0.0351837575436,-1.60525488853,1634.69604492
0.715883016586,-0.00406141905114,-1.63707399368,1634.71984863
0.714294731617,-0.0304033644497,-1.65930557251,1634.75012207
0.712344110012,-0.0566881336272,-1.68156516552,1634.77319336
0.709463357925,-0.0829139351845,-1.70462048054,1634.79650879
0.705834984779,-0.10941387713,-1.72546577454,1634.82446289
0.703899621964,-0.122577816248,-1.73727118969,1634.84460449
0.699756324291,-0.148731395602,-1.76073122025,1634.86669922
0.694961726665,-0.174871534109,-1.78314208984,1634.88769531
0.689894914627,-0.200869724154,-1.8070268631,1634.91210938
0.68350726366,-0.22693747282,-1.82657134533,1634.93310547
0.680344820023,-0.240019738674,-1.83831489086,1634.95349121
0.673534989357,-0.265713721514,-1.86007142067,1634.97924805
0.666346073151,-0.291746199131,-1.88306057453,1635.00683594
0.65822571516,-0.317400097847,-1.90694832802,1635.03271484
0.649692595005,-0.342770755291,-1.92915689945,1635.05334473
0.640752851963,-0.367629885674,-1.95253026485,1635.07678223
0.631329953671,-0.39266487956,-1.97593796253,1635.09960938
0.620957434177,-0.417469024658,-1.99748790264,1635.12280273
0.61568403244,-0.429663777351,-2.00948119164,1635.14355469
0.604454696178,-0.453975975513,-2.03240346909,1635.16552734
0.587023615837,-0.4903858006,-2.06592440605,1635.19689941
0.574832558632,-0.51427590847,-2.09044194221,1635.2208252
0.56172722578,-0.537395596504,-2.11346101761,1635.24816895
0.548771619797,-0.560525536537,-2.13879418373,1635.28198242
0.534026682377,-0.5826562047,-2.16041517258,1635.30541992
0.519635260105,-0.605010986328,-2.18429160118,1635.32922363
0.504808604717,-0.626998364925,-2.20692873001,1635.35229492
0.489363670349,-0.648874640465,-2.23153495789,1635.38269043
0.464623451233,-0.679828763008,-2.26540732384,1635.41699219
0.447927713394,-0.700447797775,-2.28816795349,1635.44091797
0.430595606565,-0.720231115818,-2.31069731712,1635.46435547
0.413062781096,-0.740084588528,-2.33352589607,1635.48681641
0.395465582609,-0.759174764156,-2.35733962059,1635.51196289
0.377048075199,-0.777789533138,-2.38002347946,1635.53771973
0.358407586813,-0.796370089054,-2.40382647514,1635.56140137
0.339399129152,-0.814096033573,-2.42752528191,1635.58532715
0.319364249706,-0.830999612808,-2.4493458271,1635.61572266
0.299046605825,-0.847485601902,-2.47126483917,1635.63598633
0.27856233716,-0.863853514194,-2.49402666092,1635.65979004
0.258020728827,-0.879513084888,-2.51611828804,1635.68762207
0.237107411027,-0.894887387753,-2.53908824921,1635.71154785
0.215740978718,-0.909775078297,-2.56176424026,1635.73803711
0.194031238556,-0.924358785152,-2.58615994453,1635.75878906
0.171928018332,-0.93823158741,-2.60892605782,1635.7902832
0.149578750134,-0.951622843742,-2.63055157661,1635.81237793
0.12651245296,-0.964132547379,-2.65195798874,1635.8404541
0.10333583504,-0.976298809052,-2.67298984528,1635.86608887
0.0801978632808,-0.987940609455,-2.695748806,1635.88952637
0.0566919930279,-0.999679863453,-2.71810626984,1635.91955566
0.0210139770061,-1.01609110832,-2.75469446182,1635.94616699
-0.00332059571519,-1.02577471733,-2.77764987946,1635.97167969
-0.0280333068222,-1.03485286236,-2.80021524429,1636.00231934
-0.052712701261,-1.04415619373,-2.82489538193,1636.02355957
-0.0776517391205,-1.05302655697,-2.84977507591,1636.04748535
-0.102647297084,-1.06068956852,-2.87141394615,1636.06835938
-0.128074586391,-1.06728637218,-2.89243125916,1636.10192871
-0.153954133391,-1.07363390923,-2.91359353065,1636.12695312
-0.179497808218,-1.08010852337,-2.93737578392,1636.15087891
-0.205211818218,-1.08579277992,-2.96134805679,1636.17126465
-0.23102670908,-1.09016537666,-2.98367190361,1636.20446777
-0.256957352161,-1.09361326694,-3.00444221497,1636.22680664
-0.282871961594,-1.09710645676,-3.02665948868,1636.24975586
-0.309292763472,-1.10064733028,-3.0513381958,1636.27416992
-0.335700929165,-1.10372078419,-3.07485389709,1636.30224609
-0.362041532993,-1.10588109493,-3.09788489342,1636.32568359
-0.388572841883,-1.10722410679,-3.1207113266,1636.35083008
-0.4152366817,-1.10775065422,3.14063096046,1636.37109375
-0.441732913256,-1.10775268078,3.11764526367,1636.39208984
-0.468131750822,-1.10731339455,3.09541559219,1636.42138672
-0.494589984417,-1.10603117943,3.07394552231,1636.44519043
-0.507754743099,-1.10523307323,3.06286358833,1636.46948242
-0.534268856049,-1.10329449177,3.04017734528,1636.49450684
-0.560115098953,-1.10094189644,3.01686787605,1636.51916504
-0.586322486401,-1.09806251526,2.99203634262,1636.54064941
-0.613013744354,-1.09431099892,2.96965551376,1636.56506348
-0.639403700829,-1.09010577202,2.94722747803,1636.58972168
-0.665314853191,-1.08494400978,2.9237241745,1636.61401367
-0.691279709339,-1.07926094532,2.90115618706,1636.63513184
-0.717537343502,-1.07335114479,2.87695169449,1636.65917969
-0.743699073792,-1.06679427624,2.85262846947,1636.68237305
-0.769349575043,-1.05968272686,2.82949948311,1636.71118164
-0.782592654228,-1.05562365055,2.81816530228,1636.73144531
-0.808490276337,-1.04700601101,2.79501628876,1636.75109863
-0.833837687969,-1.03786754608,2.77274918556,1636.77856445
-0.859530508518,-1.02849245071,2.74823832512,1636.79931641
-0.884891450405,-1.01851546764,2.72582578659,1636.82312012
-0.897555232048,-1.01346063614,2.71225214005,1636.84326172
-0.922731399536,-1.00252711773,2.68824791908,1636.86584473
-0.947291016579,-0.990557193756,2.66510128975,1636.89013672
-0.983978569508,-0.971880853176,2.63009977341,1636.92297363
-1.007604599,-0.958720445633,2.60636472702,1636.94799805
-1.03117752075,-0.945048570633,2.58191847801,1636.97241211
-1.05467736721,-0.930825233459,2.55620980263,1636.99658203
-1.07737660408,-0.916156470776,2.5341989994,1637.02062988
-1.08923482895,-0.908776760101,2.52186012268,1637.04455566
-1.11136317253,-0.893910527229,2.49476337433,1637.06848145
-1.14387476444,-0.868921160698,2.4621322155,1637.09350586
-1.1545124054,-0.860495686531,2.44856595993,1637.11706543
-1.17552113533,-0.843560934067,2.42356944084,1637.13781738
-1.19630086422,-0.825799047947,2.40171122551,1637.1607666
-1.21631741524,-0.807852208614,2.37671303749,1637.18432617
-1.23597085476,-0.789318501949,2.3542842865,1637.20996094
-1.24593889713,-0.779566347599,2.34321379662,1637.23059082
-1.27375924587,-0.749789893627,2.30891299248,1637.25671387
-1.29214775562,-0.730052709579,2.28387475014,1637.28430176
-1.30979239941,-0.709804236889,2.26038146019,1637.30883789
-1.32713127136,-0.688925147057,2.23780155182,1637.33251953
-1.33558917046,-0.678360879421,2.22659182549,1637.35302734
-1.35957670212,-0.646111965179,2.19126296043,1637.39379883
-1.37538182735,-0.623988986015,2.16819739342,1637.41845703
-1.39026343822,-0.601544380188,2.14674448967,1637.44433594
-1.41302978992,-0.567702591419,2.11072802544,1637.46862793
-1.4268270731,-0.544793009758,2.08732318878,1637.50012207
-1.44062161446,-0.521150767803,2.06348395348,1637.52868652
-1.45346689224,-0.497472792864,2.03994321823,1637.55273438
-1.47160506248,-0.461273610592,2.0042078495,1637.57702637
-1.48277449608,-0.436855614185,1.98043954372,1637.60839844
-1.49346125126,-0.411885410547,1.95755136013,1637.63305664
-1.50357449055,-0.387028217316,1.9331703186,1637.66015625
-1.51368057728,-0.362071722746,1.9086881876,1637.69030762
-1.52276682854,-0.336629241705,1.88608765602,1637.71252441
-1.53128051758,-0.310916483402,1.86296999454,1637.73937988
-1.54268836975,-0.272546082735,1.82781863213,1637.76330566
-1.54937744141,-0.246406510472,1.80503022671,1637.796875
-1.55524885654,-0.220253422856,1.78299665451,1637.82336426
-1.56128680706,-0.194040983915,1.75874900818,1637.84887695
-1.56599271297,-0.16798299551,1.73729991913,1637.87255859
-1.57073652744,-0.141444638371,1.71511292458,1637.89587402
-1.57265806198,-0.128056406975,1.70438122749,1637.9161377
-1.57637989521,-0.101795725524,1.68172061443,1637.94140625
-1.5810021162,-0.0617553628981,1.64833164215,1637.97155762
-1.58244025707,-0.0484199263155,1.63558447361,1637.99279785
-1.58450365067,-0.0213151201606,1.61136162281,1638.01831055
-1.58611667156,0.00517658982426,1.58717179298,1638.04284668
-1.58660078049,0.0319844074547,1.56594789028,1638.06286621
-1.58642292023,0.0587821193039,1.54340279102,1638.08654785
-1.58547925949,0.0856783539057,1.51889812946,1638.10961914
-1.58422279358,0.113209344447,1.49194502831,1638.13330078
-1.58249771595,0.139555215836,1.47219860554,1638.15869141
-1.5815308094,0.152834355831,1.46013653278,1638.17932129
-1.57917690277,0.179541707039,1.43563330173,1638.20092773
-1.57532072067,0.206358850002,1.41286754608,1638.22473145
-1.57110202312,0.23267878592,1.39080035686,1638.24890137
-1.56602454185,0.259204089642,1.3696064949,1638.27258301
-1.56340289116,0.272447139025,1.36008119583,1638.29309082
-1.55748510361,0.298973470926,1.33785176277,1638.3137207
-1.54896581173,0.33834078908,1.301633358,1638.34814453
-1.54184865952,0.363781452179,1.27940523624,1638.37194824
-1.53820824623,0.376840263605,1.26804339886,1638.39257812
-1.53064799309,0.402564167976,1.24219465256,1638.41638184
-1.52196717262,0.42787861824,1.22209620476,1638.4407959
-1.51367282867,0.452774465084,1.19767332077,1638.46472168
-1.50422239304,0.477968782187,1.17378401756,1638.48876953
-1.49413383007,0.50250929594,1.1507307291,1638.51269531
-1.48330354691,0.52680683136,1.12920379639,1638.53662109
-1.47225046158,0.551311552525,1.10531270504,1638.56066895
-1.46125769615,0.575034976006,1.07980024815,1638.5847168
-1.44869446754,0.598623216152,1.05637514591,1638.61010742
-1.43556916714,0.62203502655,1.03282415867,1638.63500977
-1.42220258713,0.645179331303,1.00938761234,1638.65966797
-1.40797805786,0.667439758778,0.986712217331,1638.68334961
-1.3933826685,0.690139174461,0.962186276913,1638.70532227
-1.37789130211,0.711981534958,0.939393103123,1638.72888184
-1.37038457394,0.722882032394,0.928060054779,1638.75622559
-1.35481488705,0.744433939457,0.904085993767,1638.77783203
-1.33835160732,0.765824735165,0.880773603916,1638.79931641
-1.32185542583,0.786512374878,0.856536924839,1638.82202148
-1.3047375679,0.806340098381,0.832489967346,1638.84765625
-1.28642249107,0.825788617134,0.809712648392,1638.87219238
-1.2680798769,0.844904482365,0.787488937378,1638.89672852
-1.24953687191,0.86353802681,0.765359282494,1638.92175293
-1.24013185501,0.872797548771,0.754417419434,1638.94506836
-1.22065126896,0.891171753407,0.732932448387,1638.96899414
-1.20116472244,0.908970475197,0.710388123989,1638.99060059
-1.18111848831,0.926708817482,0.686140298843,1639.01184082
-1.1708766222,0.935026109219,0.673830509186,1639.03173828
-1.15009713173,0.951820909977,0.65009868145,1639.0559082
-1.1290948391,0.968203127384,0.625497579575,1639.08007812
-1.10758697987,0.983862400055,0.602634012699,1639.09997559
-1.09686732292,0.99167495966,0.591108083725,1639.12011719
-1.06387889385,1.01412117481,0.556912183762,1639.14770508
-1.04070651531,1.02797794342,0.537043094635,1639.17480469
-1.01837491989,1.04189038277,0.51364415884,1639.19775391
-1.00705909729,1.04861366749,0.503112435341,1639.21875
-0.972327172756,1.06822741032,0.469300478697,1639.2421875
-0.948565840721,1.07986438274,0.447419196367,1639.27124023
-0.924486756325,1.09135234356,0.424875259399,1639.29748535
-0.901077926159,1.10232114792,0.401593983173,1639.32116699
-0.877064347267,1.11346280575,0.377726644278,1639.34460449
-0.85297191143,1.12343609333,0.354384720325,1639.37866211
-0.828686118126,1.13364708424,0.330513596535,1639.40783691
-0.80411440134,1.14269137383,0.308158636093,1639.42822266
-0.779310047626,1.15114057064,0.287096142769,1639.45556641
-0.742279469967,1.16359746456,0.249277472496,1639.48388672
-0.729725837708,1.16710352898,0.237346962094,1639.5065918
-0.704207837582,1.173204422,0.213826730847,1639.53076172
-0.653081119061,1.18390369415,0.167139738798,1639.55395508
-0.627099812031,1.18858897686,0.143142789602,1639.60131836
-0.601192593575,1.19268834591,0.119993880391,1639.62475586
-0.574853539467,1.19585752487,0.0959913432598,1639.64855957
-0.561898052692,1.19731366634,0.0838657170534,1639.6685791
-0.522305905819,1.20093393326,0.0504020489752,1639.69567871
-0.495872527361,1.20289540291,0.0240229573101,1639.72009277
-0.469859808683,1.20354890823,0.000850614800584,1639.74377441
-0.456759810448,1.20355725288,-0.0103191686794,1639.76696777
-0.430581241846,1.20315980911,-0.0332968384027,1639.78723145
-0.404625654221,1.20226514339,-0.0560338757932,1639.81103516
-0.378679335117,1.20107281208,-0.078022621572,1639.83605957
-0.352461606264,1.19916880131,-0.100453682244,1639.85998535
-0.325838238001,1.19698393345,-0.123901732266,1639.89294434
-0.299436658621,1.19343340397,-0.144800320268,1639.91687012
-0.273431628942,1.18932151794,-0.168381139636,1639.94128418
-0.247223183513,1.18503475189,-0.19157782197,1639.96569824
-0.221120104194,1.18009865284,-0.214852556586,1639.98999023
-0.195279210806,1.17433750629,-0.238125905395,1640.01428223
-0.169208094478,1.1680983305,-0.261552006006,1640.03479004
-0.143715709448,1.16081106663,-0.284409821033,1640.05871582
-0.130814626813,1.15705931187,-0.295647472143,1640.07861328
-0.0927532464266,1.14596819878,-0.331302195787,1640.11462402
-0.0672456249595,1.13803529739,-0.35530424118,1640.14001465
-0.0293473768979,1.12407910824,-0.389560848475,1640.16442871
-0.00476557249203,1.11387550831,-0.411006063223,1640.19995117
0.0201310124248,1.1032602787,-0.432694703341,1640.22424316
0.0440086573362,1.09162831306,-0.453565865755,1640.24841309
0.0679597780108,1.07959210873,-0.476382523775,1640.27246094
0.0917181074619,1.06719613075,-0.498995184898,1640.29626465
0.115562155843,1.05398976803,-0.523800432682,1640.31970215
0.127457857132,1.04767787457,-0.534726798534,1640.34240723
0.15089507401,1.03443396091,-0.559069037437,1640.36669922
0.185416802764,1.0137488842,-0.597355544567,1640.3972168
0.219244033098,0.990894973278,-0.633034527302,1640.4317627
0.241096422076,0.974896848202,-0.65603441,1640.46350098
0.26233419776,0.958289980888,-0.677281916142,1640.48730469
0.283646017313,0.94163364172,-0.701802372932,1640.51025391
0.293964803219,0.932872235775,-0.71294349432,1640.53076172
0.314250767231,0.914999842644,-0.734341681004,1640.55212402
0.334375441074,0.897322952747,-0.759703576565,1640.5802002
0.353940069675,0.879016339779,-0.782620608807,1640.60522461
0.373203217983,0.860410630703,-0.807846009731,1640.62902832
0.391725212336,0.841392695904,-0.82961410284,1640.65393066
0.409448713064,0.821756780148,-0.851983785629,1640.6776123
0.436115413904,0.791809380054,-0.885330736637,1640.70959473
0.452953279018,0.7715254426,-0.910603046417,1640.73352051
0.469294548035,0.750596106052,-0.930070102215,1640.7578125
0.477476984262,0.740038335323,-0.941838026047,1640.78222656
0.492963641882,0.718501865864,-0.965217530727,1640.80688477
0.515762090683,0.685885548592,-0.999692261219,1640.8338623
0.52312785387,0.675214648247,-1.01379549503,1640.85803223
0.537229597569,0.652816712856,-1.03435063362,1640.87854004
0.551332116127,0.630286216736,-1.05921244621,1640.9017334
0.563771665096,0.606926262379,-1.07949733734,1640.92602539
0.57658970356,0.584392130375,-1.10388207436,1640.94958496
0.588019251823,0.560865104198,-1.12508106232,1640.97302246
0.600185334682,0.53784942627,-1.15095746517,1640.99682617
0.6104798913,0.51409393549,-1.17282152176,1641.02258301
0.620483517647,0.490520298481,-1.19448661804,1641.0526123
0.629716277122,0.466412842274,-1.21782147884,1641.0760498
0.638859033585,0.442423373461,-1.24125230312,1641.09667969
0.64754486084,0.418104559183,-1.26411557198,1641.12133789
0.651754200459,0.405887156725,-1.27486658096,1641.14526367
0.659158885479,0.381192862988,-1.29684865475,1641.16882324
0.666224718094,0.356362700462,-1.31845033169,1641.19250488
0.672462999821,0.33161881566,-1.34041953087,1641.21984863
0.678024351597,0.30656042695,-1.3618645668,1641.24377441
0.683201491833,0.28130748868,-1.38458502293,1641.26489258
0.687936484814,0.256023406982,-1.40772426128,1641.28808594
0.692009150982,0.230554431677,-1.42984580994,1641.3125
0.69553399086,0.204965502024,-1.45109713078,1641.34020996
0.698820531368,0.179223611951,-1.47408127785,1641.3651123
0.701460897923,0.153927817941,-1.49454820156,1641.38891602
0.703661859035,0.127842947841,-1.51686990261,1641.41296387
0.705309569836,0.10181106627,-1.53894090652,1641.43615723
0.70587605238,0.0889397859573,-1.55031120777,1641.45666504
0.706563949585,0.0630432069302,-1.57323276997,1641.48059082
0.706031084061,0.037074316293,-1.59354948997,1641.50598145
0.704729676247,-0.00225100456737,-1.62758564949,1641.52954102
0.7040771842,-0.0154863940552,-1.63897883892,1641.55786133
0.702337265015,-0.0414215251803,-1.66085720062,1641.58056641
0.70013988018,-0.0677873045206,-1.68237447739,1641.60058594
0.697419404984,-0.0942110344768,-1.7048022747,1641.62817383
0.694003880024,-0.120664224029,-1.72820913792,1641.65649414
0.690176427364,-0.146931424737,-1.75010097027,1641.67993164
0.680352568626,-0.19959153235,-1.79549658298,1641.70898438
0.674744307995,-0.225814566016,-1.81748235226,1641.7565918
0.668646812439,-0.251973748207,-1.841340065,1641.77758789
0.661466896534,-0.278040230274,-1.86397480965,1641.80126953
0.65001386404,-0.316727161407,-1.89870464802,1641.8338623
0.641517341137,-0.342072755098,-1.92136275768,1641.8605957
0.632853448391,-0.367624521255,-1.94399297237,1641.8848877
0.623892724514,-0.392945468426,-1.96919894218,1641.90942383
0.613794386387,-0.417939990759,-1.99070477486,1641.93823242
0.602515518665,-0.44266730547,-2.01253056526,1641.96582031
0.591563403606,-0.467414140701,-2.03737306595,1641.99023438
0.580372750759,-0.491911739111,-2.06227397919,1642.01013184
0.568200230598,-0.516029059887,-2.08711075783,1642.03393555
0.554614424706,-0.539048790932,-2.10819196701,1642.0592041
0.54774326086,-0.550565898418,-2.11988019943,1642.0802002
0.533979356289,-0.573918223381,-2.14396286011,1642.1027832
0.519376397133,-0.596464037895,-2.16531777382,1642.12329102
0.505458652973,-0.619356572628,-2.19217944145,1642.15039062
0.490160614252,-0.641324579716,-2.21652507782,1642.17407227
0.47417730093,-0.662584781647,-2.23991346359,1642.19714355
0.457867205143,-0.683464646339,-2.26310682297,1642.22143555
0.440893113613,-0.704085707664,-2.28521943092,1642.24572754
0.432313710451,-0.71417337656,-2.29667210579,1642.26989746
0.414864480495,-0.734144568443,-2.31943082809,1642.29504395
0.397122383118,-0.753557026386,-2.34175562859,1642.31970215
0.378773868084,-0.772819280624,-2.3640396595,1642.34375
0.360212773085,-0.791626572609,-2.38775491714,1642.36376953
0.341223746538,-0.809872865677,-2.41184949875,1642.38830566
0.322158336639,-0.82742702961,-2.43635201454,1642.41174316
0.301621884108,-0.84441113472,-2.45828509331,1642.43493652
0.291478395462,-0.852662920952,-2.46940517426,1642.45812988
0.271280318499,-0.868913471699,-2.4929060936,1642.48193359
0.250531107187,-0.884773433208,-2.51610779762,1642.5057373
0.229306653142,-0.900245070457,-2.53781890869,1642.52978516
0.197441011667,-0.922455906868,-2.57195496559,1642.56225586
0.175306528807,-0.936403334141,-2.5934779644,1642.58813477
0.153032109141,-0.949868679047,-2.61542415619,1642.61254883
0.119517028332,-0.969165742397,-2.64965867996,1642.63647461
0.0970472842455,-0.981557130814,-2.67331218719,1642.68212891
0.0738893374801,-0.993031859398,-2.69448161125,1642.70617676
0.0508940666914,-1.00425088406,-2.71638512611,1642.73071289
0.0276517234743,-1.01540839672,-2.74029397964,1642.75561523
-0.00759757123888,-1.03044092655,-2.77474045753,1642.78320312
-0.0319293923676,-1.03918898106,-2.79659414291,1642.80786133
-0.0440275855362,-1.04368495941,-2.80883550644,1642.828125
-0.0683172866702,-1.05222892761,-2.83108758926,1642.85644531
-0.0930191203952,-1.06048417091,-2.85384893417,1642.8828125
-0.117717549205,-1.06779968739,-2.8760330677,1642.9029541
-0.154968395829,-1.07796239853,-2.91029882431,1642.93383789
-0.180058538914,-1.08414328098,-2.93214416504,1642.95959473
-0.205552458763,-1.08968436718,-2.95387458801,1642.98425293
-0.230928763747,-1.09428322315,-2.97525405884,1643.00842285
-0.256364911795,-1.09783804417,-2.99634313583,1643.03515625
-0.281976908445,-1.10166394711,-3.01916575432,1643.06567383
-0.320743054152,-1.10681331158,-3.05487275124,1643.0916748
-0.346860617399,-1.10933279991,-3.07780456543,1643.12463379
-0.373038858175,-1.11106920242,-3.0995426178,1643.14819336
-0.399074554443,-1.11219108105,-3.12203454971,1643.17248535
-0.425502359867,-1.11316180229,3.13860726357,1643.2019043
-0.451749205589,-1.11335146427,3.11621761322,1643.22558594
-0.478345990181,-1.11299455166,3.09499669075,1643.24560547
-0.491504520178,-1.11228895187,3.0838060379,1643.26977539
-0.517792165279,-1.11086344719,3.06118988991,1643.29052734
-0.570390462875,-1.10617160797,3.01481199265,1643.31396484
-0.596842825413,-1.10293018818,2.99144434929,1643.36865234
-0.623386502266,-1.09898436069,2.9690861702,1643.39318848
-0.649704694748,-1.09433782101,2.94653463364,1643.41711426
-0.689417421818,-1.08683300018,2.91165447235,1643.44177246
-0.715741634369,-1.08155405521,2.88717746735,1643.47253418
-0.741696238518,-1.07515335083,2.8639485836,1643.49353027
-0.76758313179,-1.06807935238,2.84036159515,1643.52038574
-0.793603539467,-1.0602915287,2.81590056419,1643.54492188
-0.819167017937,-1.0517077446,2.79331970215,1643.57250977
-0.831746995449,-1.04724645615,2.78184461594,1643.59362793
-0.857357680798,-1.0376355648,2.76031064987,1643.61682129
-0.882722437382,-1.02767622471,2.73762488365,1643.64428711
-0.92061984539,-1.01208603382,2.70172786713,1643.67993164
-0.958014965057,-0.995145976543,2.66425013542,1643.70397949
-0.98243522644,-0.982852101326,2.64103627205,1643.73852539
-1.00628066063,-0.969908058643,2.6175160408,1643.75915527
-1.03029334545,-0.956368505955,2.59163784981,1643.78405762
-1.05342710018,-0.942088246346,2.56946086884,1643.80859375
-1.06499099731,-0.934865415096,2.5566740036,1643.83239746
-1.08833920956,-0.920337080956,2.53234958649,1643.85742188
-1.11086606979,-0.904762327671,2.51038169861,1643.87768555
-1.13280308247,-0.888854444027,2.48612499237,1643.89758301
-1.15470027924,-0.872822165489,2.45935368538,1643.92236328
-1.17626035213,-0.855900645256,2.43503761292,1643.94567871
-1.18672609329,-0.8469876647,2.42517375946,1643.96923828
-1.20765113831,-0.829160749912,2.40113711357,1643.99511719
-1.23766982555,-0.801551401615,2.36603140831,1644.02160645
-1.25712883472,-0.782328903675,2.34200572968,1644.04675293
-1.26665520668,-0.771939575672,2.33154964447,1644.07067871
-1.28541600704,-0.752411305904,2.30500769615,1644.09082031
-1.30398690701,-0.732090711594,2.28401446342,1644.11132812
-1.32222676277,-0.711674630642,2.25974369049,1644.13391113
-1.33922421932,-0.690510630608,2.23743224144,1644.16296387
-1.35613381863,-0.66917604208,2.21379494667,1644.18920898
-1.37219452858,-0.646975815296,2.19175004959,1644.21313477
-1.38821280003,-0.625113010406,2.16658139229,1644.2442627
-1.41864895821,-0.579571664333,2.12174153328,1644.2689209
-1.43282842636,-0.555953323841,2.09935808182,1644.31506348
-1.44696867466,-0.532431662083,2.0763027668,1644.33837891
-1.46069025993,-0.509059607983,2.0492041111,1644.35852051
-1.47325229645,-0.484794706106,2.02556085587,1644.38354492
-1.4850063324,-0.460347563028,2.00152850151,1644.41223145
-1.49656236172,-0.435612171888,1.97667968273,1644.43713379
-1.5020493269,-0.423214495182,1.96579265594,1644.45727539
-1.51253843307,-0.398216485977,1.94277465343,1644.4798584
-1.52270615101,-0.372436374426,1.91923940182,1644.50415039
-1.5324845314,-0.346655726433,1.89369726181,1644.52832031
-1.54560267925,-0.307694166899,1.85798752308,1644.5526123
-1.55364918709,-0.281397521496,1.83422672749,1644.58569336
-1.56044352055,-0.254800021648,1.81239831448,1644.60888672
-1.56683409214,-0.228220626712,1.78921949863,1644.63317871
-1.56954801083,-0.214969575405,1.77933633327,1644.65600586
-1.57770621777,-0.174927100539,1.7429728508,1644.67651367
-1.58299660683,-0.148498684168,1.71987652779,1644.71569824
-1.58695447445,-0.121910624206,1.69604420662,1644.73950195
-1.59079527855,-0.0952243357897,1.67307734489,1644.7644043
-1.593531847,-0.0683860182762,1.6499915123,1644.78881836
-1.59601831436,-0.0419207327068,1.62741971016,1644.8092041
-1.59774851799,-0.0283065475523,1.61302530766,1644.83093262
-1.59859228134,-0.0016241587,1.59142458439,1644.85241699
-1.59924781322,0.0251484327018,1.56933939457,1644.87756348
-1.59910547733,0.0515824630857,1.54612374306,1644.90234375
-1.59811997414,0.0782677009702,1.52382564545,1644.92285156
-1.59759557247,0.0917831584811,1.51216781139,1644.94384766
-1.59642577171,0.119092091918,1.48469805717,1644.96801758
-1.59472119808,0.145292490721,1.46423316002,1644.9921875
-1.59064078331,0.185401827097,1.42877447605,1645.01635742
-1.58670973778,0.212121903896,1.40537238121,1645.05175781
-1.58215856552,0.238458678126,1.3845256567,1645.07177734
-1.5769122839,0.265133678913,1.36214601994,1645.09448242
-1.57124781609,0.291504770517,1.33899688721,1645.12585449
-1.56520462036,0.317977100611,1.31779575348,1645.14929199
-1.55853450298,0.344074457884,1.29596138,1645.17260742
-1.5516397953,0.370345503092,1.27205145359,1645.19580078
-1.54804217815,0.383651345968,1.25981211662,1645.21972656
-1.53641784191,0.422422945499,1.22236776352,1645.24938965
-1.52680766582,0.447822540998,1.20174753666,1645.27282715
-1.51782810688,0.473518192768,1.17649114132,1645.29626465
-1.50758039951,0.498456209898,1.1533164978,1645.32800293
-1.49685680866,0.523266971111,1.12996423244,1645.35241699
-1.48548924923,0.548556447029,1.1060847044,1645.37683105
-1.47317171097,0.572707653046,1.08311271667,1645.40063477
-1.45452213287,0.608890235424,1.04587364197,1645.42736816
-1.43448603153,0.644553720951,1.00881052017,1645.4720459
-1.4272339344,0.656014204025,0.997312605381,1645.49377441
-1.39719974995,0.70132958889,0.948837995529,1645.51708984
-1.38116002083,0.723219811916,0.926940262318,1645.5625
-1.35748887062,0.756076395512,0.889626026154,1645.58618164
-1.34074854851,0.777407228947,0.866370379925,1645.62646484
-1.32322084904,0.797665178776,0.841776490211,1645.65002441
-1.30511391163,0.817581534386,0.819390356541,1645.67419434
-1.28667759895,0.836936533451,0.796180427074,1645.69470215
-1.26818096638,0.856590688229,0.77199524641,1645.72021484
-1.25843787193,0.86613535881,0.760414302349,1645.74047852
-1.23901343346,0.884269177914,0.737556695938,1645.76489258
-1.21880054474,0.902337670326,0.71663248539,1645.7890625
-1.19886684418,0.92052000761,0.693237960339,1645.81323242
-1.17821550369,0.937883794308,0.669716000557,1645.83776855
-1.15742695332,0.955001056194,0.64424520731,1645.86791992
-1.13609826565,0.970937848091,0.621700882912,1645.89453125
-1.11405622959,0.986188590527,0.598919630051,1645.91589355
-1.0921831131,1.0018351078,0.575080096722,1645.9395752
-1.07024073601,1.01667869091,0.552709460258,1645.96789551
-1.04695701599,1.03111577034,0.530790090561,1645.99267578
-1.02411460876,1.04461622238,0.507822394371,1646.01660156
-1.00071156025,1.05826330185,0.486931532621,1646.0369873
-0.988954365253,1.064489007,0.475599139929,1646.05761719
-0.965134501457,1.0769892931,0.452910453081,1646.08093262
-0.940909445286,1.08893096447,0.430482178926,1646.10534668
-0.916354775429,1.09979593754,0.408984810114,1646.1307373
-0.879998326302,1.11641526222,0.371741563082,1646.15429688
-0.855440318584,1.12641918659,0.348218202591,1646.18737793
-0.830865323544,1.13693106174,0.323282688856,1646.21142578
-0.805828988552,1.14583158493,0.300656050444,1646.23510742
-0.780523002148,1.1541826725,0.278224050999,1646.25854492
-0.754984617233,1.16258597374,0.25373211503,1646.28381348
-0.742407798767,1.16628837585,0.241415306926,1646.30407715
-0.716757178307,1.17355358601,0.215340778232,1646.32739258
-0.690708637238,1.17905604839,0.192055046558,1646.35095215
-0.651389658451,1.18649828434,0.1571867764,1646.37658691
-0.625132739544,1.19092011452,0.131885394454,1646.40808105
-0.598744273186,1.19450509548,0.108561828732,1646.43969727
-0.572033762932,1.19778931141,0.085182286799,1646.46557617
-0.54579603672,1.20054912567,0.0607550553977,1646.48925781
-0.51925522089,1.20278453827,0.0368171967566,1646.51062012
-0.492718040943,1.2040207386,0.0120832519606,1646.54052734
-0.466032594442,1.20407629013,-0.0106734773144,1646.56420898
-0.43937882781,1.20380485058,-0.0328588336706,1646.58813477
-0.426130622625,1.20352041721,-0.0439511351287,1646.60827637
-0.399728089571,1.20248496532,-0.0678077191114,1646.6295166
-0.373129397631,1.20065140724,-0.0900458320975,1646.65209961
-0.346645414829,1.19808006287,-0.113466836512,1646.68041992
-0.320097774267,1.19563245773,-0.13576027751,1646.70483398
-0.293672025204,1.19202554226,-0.157668396831,1646.72851562
-0.267214685678,1.18765497208,-0.180698260665,1646.75256348
-0.240894824266,1.18294548988,-0.205086901784,1646.77648926
-0.214847072959,1.17726707458,-0.227987915277,1646.80151367
-0.18875053525,1.1712654829,-0.252433180809,1646.82177734
-0.16255325079,1.16461670399,-0.275240808725,1646.85058594
-0.136818513274,1.15717935562,-0.299357146025,1646.87561035
-0.111173905432,1.14924836159,-0.321705043316,1646.90026855
-0.0858021453023,1.14120936394,-0.344298481941,1646.92358398
-0.0601151362062,1.13302218914,-0.368620544672,1646.94677734
-0.0476276800036,1.12854027748,-0.379396378994,1646.96704102
-0.0224953070283,1.11874866486,-0.402397692204,1646.99182129
0.00226760143414,1.10794961452,-0.423821270466,1647.01538086
0.0388248078525,1.0907138586,-0.456452220678,1647.04040527
0.0629715770483,1.07851088047,-0.480210930109,1647.07556152
0.0870466604829,1.06585013866,-0.504469811916,1647.10058594
0.110561475158,1.05258023739,-0.526213169098,1647.12438965
0.134464651346,1.0390431881,-0.550022423267,1647.14855957
0.158257305622,1.02534496784,-0.574834346771,1647.17260742
0.181515201926,1.01122546196,-0.599571287632,1647.1965332
0.204654589295,0.996406137943,-0.625623762608,1647.22363281
0.227077618241,0.980521380901,-0.650385797024,1647.2479248
0.248664736748,0.963452458382,-0.670809924603,1647.27258301
0.270214617252,0.946864902973,-0.69553142786,1647.29650879
0.280671536922,0.937907755375,-0.706934392452,1647.32043457
0.301299840212,0.920264422894,-0.728334665298,1647.34423828
0.321778208017,0.901991963387,-0.752028048038,1647.3684082
0.341881543398,0.883524596691,-0.775893986225,1647.38867188
0.361162394285,0.864995718002,-0.800458133221,1647.41247559
0.380111962557,0.845470845699,-0.822824120522,1647.43579102
0.398597627878,0.82561314106,-0.84543555975,1647.45959473
0.416604459286,0.805753707886,-0.868530571461,1647.48352051
0.434560060501,0.785279631615,-0.891910016537,1647.50842285
0.451324015856,0.764430046082,-0.915889978409,1647.53625488
0.467625558376,0.743205785751,-0.936207830906,1647.56677246
0.483603328466,0.721393167973,-0.959737360477,1647.58679199
0.499235183001,0.699565827847,-0.982339739799,1647.60974121
0.521978795528,0.666034817696,-1.02068793774,1647.6484375
0.536081731319,0.643109083176,-1.04399394989,1647.67333984
0.550107002258,0.620086848736,-1.06827604771,1647.69824219
0.563303589821,0.596519052982,-1.09112334251,1647.72509766
0.569718360901,0.58495414257,-1.10346400738,1647.74511719
0.581421613693,0.561170935631,-1.12500369549,1647.76843262
0.592799782753,0.536767721176,-1.14668488503,1647.79101562
0.604370832443,0.512748777866,-1.17221844196,1647.81628418
0.61530816555,0.488720029593,-1.19736742973,1647.83898926
0.624740183353,0.464040011168,-1.21962535381,1647.85888672
0.633579850197,0.439128011465,-1.24253535271,1647.88464355
0.641949534416,0.414157867432,-1.26457107067,1647.90881348
0.650359809399,0.389190942049,-1.2874341011,1647.93286133
0.654211759567,0.376628726721,-1.29911458492,1647.95666504
0.661405086517,0.351219147444,-1.32060813904,1647.97668457
0.667886555195,0.32565176487,-1.34371864796,1647.99816895
0.670643627644,0.312649428844,-1.35437750816,1648.01977539
0.676248192787,0.286820679903,-1.37653231621,1648.04040527
0.681224882603,0.260908812284,-1.39971339703,1648.06506348
0.685537219048,0.235038340092,-1.42206275463,1648.09057617
0.689583182335,0.209096491337,-1.44615936279,1648.11364746
0.692726612091,0.182982876897,-1.46746611595,1648.13427734
0.693895697594,0.169869199395,-1.47722268105,1648.15527344
0.696504354477,0.143900260329,-1.49860405922,1648.17980957
0.69914317131,0.117459870875,-1.52282583714,1648.203125
0.700639724731,0.0912437438965,-1.54577875137,1648.22680664
0.701539456844,0.0649513155222,-1.56807005405,1648.25036621
0.701281249523,0.0386648438871,-1.58953380585,1648.27124023
0.701326310635,0.0255505554378,-1.60129022598,1648.29284668
0.700373291969,-0.000895968987606,-1.62339437008,1648.31494141
0.698743641376,-0.027331944555,-1.64430570602,1648.3404541
0.696963965893,-0.0536275021732,-1.66690945625,1648.36462402
0.694955348969,-0.079495601356,-1.69000935555,1648.38867188
0.69147258997,-0.106061734259,-1.71166729927,1648.4128418
0.687653541565,-0.132226660848,-1.73333632946,1648.43615723
0.684079527855,-0.158611819148,-1.75734233856,1648.45849609
0.679658472538,-0.185000151396,-1.78004205227,1648.48925781
0.674288928509,-0.211124286056,-1.80194568634,1648.51318359
0.668766975403,-0.237289041281,-1.8246127367,1648.53649902
0.6621337533,-0.262823522091,-1.84586429596,1648.56054688
0.65496379137,-0.288637310266,-1.86882030964,1648.59069824
0.647173404694,-0.314030975103,-1.8922482729,1648.6151123
0.639067173004,-0.339228630066,-1.91457915306,1648.63989258
0.630494177341,-0.364297807217,-1.93579936028,1648.66430664
0.621373474598,-0.389234393835,-1.95837366581,1648.69421387
0.612054288387,-0.414243757725,-1.98089623451,1648.71936035
0.596233546734,-0.45068860054,-2.01676225662,1648.74572754
0.585586667061,-0.475050449371,-2.04086351395,1648.77062988
0.574069142342,-0.498937666416,-2.06450080872,1648.79943848
0.561919689178,-0.522576093674,-2.0884141922,1648.82043457
0.555502235889,-0.533947169781,-2.0987739563,1648.84143066
0.542139828205,-0.5567445755,-2.12088871002,1648.86560059
0.528401076794,-0.579214096069,-2.14328742027,1648.88537598
0.514553427696,-0.601438760757,-2.16591382027,1648.90979004
0.500712037086,-0.623505651951,-2.18925428391,1648.93347168
0.485823214054,-0.64507317543,-2.21317720413,1648.96008301
0.462589085102,-0.676044344902,-2.2489066124,1648.9987793
0.44671869278,-0.696438550949,-2.27237033844,1649.02746582
0.429776370525,-0.716192066669,-2.29323863983,1649.05151367
0.412563830614,-0.735880076885,-2.31466674805,1649.07617188
0.395269006491,-0.754986584187,-2.33640050888,1649.10021973
0.377747803926,-0.77377396822,-2.35857725143,1649.12365723
0.359755218029,-0.792356967926,-2.38180828094,1649.14807129
0.341290235519,-0.810170590878,-2.40487074852,1649.17382812
0.31238797307,-0.83557331562,-2.43739795685,1649.21472168
0.292660236359,-0.852267086506,-2.45947742462,1649.23986816
0.27300041914,-0.868665337563,-2.4842004776,1649.26477051
0.252656877041,-0.884443998337,-2.50664067268,1649.29101562
0.23169387877,-0.899778008461,-2.5275478363,1649.31188965
0.210820809007,-0.914561569691,-2.54901456833,1649.33679199
0.200405284762,-0.921834230423,-2.56073403358,1649.35742188
0.168360337615,-0.942859888077,-2.59368515015,1649.38085938
0.146561071277,-0.956283628941,-2.6169500351,1649.4083252
0.135255366564,-0.962901771069,-2.6277179718,1649.42883301
0.113113224506,-0.975385308266,-2.6495950222,1649.44885254
0.101793773472,-0.981455087662,-2.66076183319,1649.46899414
0.0791270062327,-0.993294715881,-2.68277716637,1649.4888916
0.0563655942678,-1.00501596928,-2.70659160614,1649.51733398
0.0331421643496,-1.01638638973,-2.72989964485,1649.5378418
0.00961025524884,-1.02719068527,-2.75389933586,1649.55834961
-0.0143661648035,-1.03659212589,-2.77615690231,1649.58947754
-0.0385010875762,-1.04567193985,-2.7976000309,1649.61340332
-0.0627060607076,-1.05433917046,-2.81966423988,1649.64038086
-0.0870414450765,-1.06289494038,-2.84268665314,1649.66430664
-0.111830808222,-1.07045221329,-2.86499381065,1649.6895752
-0.149278253317,-1.08083164692,-2.89727663994,1649.72119141
-0.174282595515,-1.08745384216,-2.92065382004,1649.7487793
-0.199529677629,-1.09330523014,-2.94318366051,1649.77148438
-0.225025162101,-1.09812617302,-2.96452474594,1649.79492188
-0.250452071428,-1.10232758522,-2.98617196083,1649.82385254
-0.275743931532,-1.10653865337,-3.00963640213,1649.84973145
-0.301368445158,-1.10996162891,-3.0316567421,1649.8737793
-0.327377259731,-1.11310040951,-3.05484437943,1649.89758301
-0.352975308895,-1.11575031281,-3.07869195938,1649.92407227
-0.378782659769,-1.11736249924,-3.10042905807,1649.94848633
-0.404635131359,-1.11848759651,-3.12231063843,1649.97290039
-0.430843085051,-1.11903679371,3.13964986801,1649.99707031
-0.469911813736,-1.11940741539,3.10623383522,1650.02758789
-0.495722025633,-1.11868858337,3.08399295807,1650.06201172
-0.521699786186,-1.11721229553,3.0627117157,1650.08544922
-0.547491669655,-1.11509549618,3.04073667526,1650.10876465
-0.573014259338,-1.11243617535,3.01803469658,1650.13305664
-0.58587962389,-1.11090731621,3.00651955605,1650.1574707
-0.611946642399,-1.10746753216,2.98425006866,1650.17797852
-0.637646198273,-1.10367083549,2.96146011353,1650.20166016
-0.663230419159,-1.09928274155,2.93856167793,1650.22668457
-0.688968241215,-1.09404885769,2.91801810265,1650.25158691
-0.714712738991,-1.08872377872,2.89402937889,1650.2755127
-0.740415036678,-1.08277499676,2.87123465538,1650.2989502
-0.765846729279,-1.07642507553,2.84809660912,1650.32226562
-0.791545629501,-1.06879115105,2.82503414154,1650.35046387
-0.81689530611,-1.06030333042,2.80270910263,1650.37084961
-0.841875612736,-1.05174231529,2.77926564217,1650.39880371
-0.866979598999,-1.04254376888,2.75724506378,1650.42370605
-0.892177164555,-1.0328605175,2.73380327225,1650.44921875
-0.917087137699,-1.02222967148,2.7116625309,1650.47363281
-0.941393315792,-1.01126873493,2.6889424324,1650.50317383
-0.965845763683,-0.999932765961,2.66415786743,1650.52722168
-0.990273237228,-0.988118886948,2.63913297653,1650.55200195
-1.01430690289,-0.975377082825,2.614361763,1650.57299805
-1.03730213642,-0.961929261684,2.59106993675,1650.59680176
-1.0486702919,-0.954731523991,2.57874155045,1650.61730957
-1.07173466682,-0.94041454792,2.55648183823,1650.64025879
-1.09450769424,-0.926030337811,2.53246068954,1650.66125488
-1.11690187454,-0.910857915878,2.50806450844,1650.6842041
-1.13884902,-0.895128369331,2.48686718941,1650.70629883
-1.17121708393,-0.869861006737,2.45010876656,1650.74951172
-1.19273948669,-0.853168666363,2.42678427696,1650.77331543
-1.21335589886,-0.835100889206,2.40232872963,1650.79663086
-1.22361671925,-0.826014101505,2.38968610764,1650.82019043
-1.253490448,-0.797662496567,2.35345029831,1650.84375
-1.27319324017,-0.778239130974,2.3315179348,1650.88244629
-1.29218399525,-0.758050739765,2.30969643593,1650.90710449
-1.3105533123,-0.737611234188,2.28799033165,1650.93017578
-1.32888484001,-0.717058837414,2.26410245895,1650.95336914
-1.34633374214,-0.696100592613,2.23992919922,1650.97753906
-1.36350774765,-0.674596905708,2.21559786797,1651.00146484
-1.37954688072,-0.652668356895,2.19058275223,1651.02209473
-1.3876183033,-0.641466081142,2.17895174026,1651.04382324
-1.40354323387,-0.619141042233,2.15595388412,1651.06506348
-1.41863524914,-0.596222698689,2.13298273087,1651.08666992
-1.43345868587,-0.573287367821,2.10948514938,1651.10754395
-1.44084060192,-0.56164842844,2.09672379494,1651.12780762
-1.45445919037,-0.538015961647,2.07465529442,1651.15161133
-1.4680672884,-0.514123082161,2.05057549477,1651.17651367
-1.48109591007,-0.490217506886,2.02630829811,1651.20068359
-1.49260306358,-0.465660005808,2.00368261337,1651.22595215
-1.50385379791,-0.440910547972,1.97997367382,1651.25598145
-1.51995825768,-0.40356194973,1.94354152679,1651.28063965
-1.53008103371,-0.378180325031,1.92018711567,1651.31311035
-1.53968715668,-0.352611035109,1.8961700201,1651.33654785
-1.54858398438,-0.326567173004,1.87318241596,1651.35876465
-1.55709815025,-0.300588279963,1.84732341766,1651.38525391
-1.56435537338,-0.274602562189,1.82581341267,1651.41015625
-1.57107055187,-0.248174339533,1.80362462997,1651.43505859
-1.57736957073,-0.221916854382,1.77974319458,1651.45922852
-1.58034825325,-0.208554193377,1.76882624626,1651.48181152
-1.58769214153,-0.168569490314,1.7356030941,1651.50561523
-1.59300470352,-0.141715526581,1.70974612236,1651.54077148
-1.59674978256,-0.114988386631,1.68736732006,1651.56591797
-1.59997045994,-0.0881576687098,1.66407394409,1651.58874512
-1.60272586346,-0.0612620152533,1.64201915264,1651.61132812
-1.60506725311,-0.0342056341469,1.61733543873,1651.63574219
-1.60644996166,-0.00736482115462,1.59422826767,1651.66101074
-1.60697543621,0.00605973182246,1.58307600021,1651.68188477
-1.607604146,0.0331012867391,1.55913746357,1651.7052002
-1.60658478737,0.0731591209769,1.52520668507,1651.7322998
-1.60407435894,0.11407160759,1.48834896088,1651.76928711
-1.60249269009,0.140706807375,1.46762812138,1651.80358887
-1.60048234463,0.167375192046,1.4417091608,1651.82775879
-1.59744310379,0.19428050518,1.4197229147,1651.85241699
-1.59303498268,0.220980152488,1.39588594437,1651.87646484
-1.5882152319,0.247380226851,1.37338268757,1651.89672852
-1.582929492,0.274313092232,1.35113024712,1651.9206543
-1.5768635273,0.301142960787,1.32993280888,1651.9465332
-1.56733500957,0.340381324291,1.29578518867,1651.98352051
-1.55976605415,0.366303473711,1.27346658707,1652.0078125
-1.55620110035,0.379727929831,1.26055324078,1652.03198242
-1.54887068272,0.406161785126,1.23492670059,1652.05236816
-1.5402225256,0.431733757257,1.21140766144,1652.07617188
-1.53127932549,0.45717599988,1.18839502335,1652.09887695
-1.52137219906,0.482338100672,1.16583812237,1652.12402344
-1.51043856144,0.507391989231,1.14367055893,1652.14868164
-1.49976408482,0.532164812088,1.11923897266,1652.17272949
-1.48798215389,0.556844174862,1.09579336643,1652.20007324
-1.47585904598,0.581589102745,1.07063448429,1652.22070312
-1.46911406517,0.59332382679,1.06124949455,1652.24438477
-1.4559892416,0.617427349091,1.0360532999,1652.26855469
-1.44249069691,0.64108556509,1.01159620285,1652.29260254
-1.42837333679,0.664630949497,0.985599517822,1652.31713867
-1.41349685192,0.687595665455,0.961087226868,1652.34277344
-1.39816558361,0.709849357605,0.93673479557,1652.3684082
-1.3742415905,0.742482125759,0.90186727047,1652.40234375
-1.35768008232,0.763729035854,0.878584444523,1652.42749023
-1.34088015556,0.784966051579,0.856049478054,1652.45239258
-1.32290315628,0.805069506168,0.833405315876,1652.48156738
-1.29512631893,0.834314882755,0.800258815289,1652.50488281
-1.27651011944,0.853793978691,0.775990784168,1652.53991699
-1.25744509697,0.872625529766,0.752709746361,1652.56726074
-1.23785877228,0.890985310078,0.729620695114,1652.59130859
-1.21791005135,0.90886592865,0.708315968513,1652.61682129
-1.19778048992,0.926376998425,0.686841070652,1652.640625
-1.17684304714,0.943803966045,0.663017988205,1652.66479492
-1.1558971405,0.960375607014,0.638693809509,1652.68859863
-1.12350606918,0.984167039394,0.60457700491,1652.71276855
-1.10155904293,0.999764204025,0.580937147141,1652.74768066
-1.07893669605,1.01419484615,0.559509396553,1652.7722168
-1.05669534206,1.02860224247,0.536677181721,1652.79626465
-1.03344297409,1.04266238213,0.514863550663,1652.82287598
-1.0104418993,1.05664110184,0.49139007926,1652.84790039
-0.986876308918,1.06936275959,0.470205277205,1652.8737793
-0.97503644228,1.07556867599,0.459047019482,1652.89379883
-0.950733542442,1.08740913868,0.438514828682,1652.91394043
-0.926327168941,1.0986726284,0.416354984045,1652.93920898
-0.90222132206,1.10949206352,0.392683267593,1652.96057129
-0.865613043308,1.12528526783,0.35767647624,1652.99621582
-0.840977191925,1.135461092,0.334681272507,1653.02294922
-0.81620234251,1.14458811283,0.311270445585,1653.05541992
-0.791534841061,1.15325987339,0.29013055563,1653.08032227
-0.766325592995,1.16206884384,0.265564441681,1653.1036377
-0.741146147251,1.16943800449,0.241852611303,1653.12341309
-0.715521097183,1.17666113377,0.216777786613,1653.14782715
-0.689635872841,1.18219876289,0.194001615047,1653.17468262
-0.663470506668,1.18746912479,0.171254262328,1653.20654297
-0.63697630167,1.19196474552,0.147577762604,1653.22753906
-0.610753834248,1.19607686996,0.1230558604,1653.25061035
-0.584124863148,1.19947516918,0.0992776155472,1653.27172852
-0.557382524014,1.20230913162,0.0762646272779,1653.30664062
-0.530572116375,1.20501923561,0.0526851154864,1653.33166504
-0.503651976585,1.20709466934,0.0275545716286,1653.3572998
-0.476981371641,1.20803105831,0.00355698238127,1653.3807373
-0.450253456831,1.20767629147,-0.0178635213524,1653.40429688
-0.423531383276,1.20725083351,-0.0411472395062,1653.42993164
-0.396944344044,1.20628845692,-0.0634190440178,1653.453125
-0.370278477669,1.2045494318,-0.0851808711886,1653.47644043
-0.343651592731,1.20220088959,-0.106507636607,1653.49987793
-0.330412864685,1.20080387592,-0.116828009486,1653.51977539
-0.303402721882,1.19755649567,-0.139261499047,1653.5435791
-0.276876032352,1.19380545616,-0.162015751004,1653.56884766
-0.249932453036,1.18972659111,-0.186488524079,1653.59362793
-0.223307624459,1.18497395515,-0.210683494806,1653.61730957
-0.196936711669,1.17916572094,-0.234659284353,1653.64099121
-0.170253112912,1.17248952389,-0.256886541843,1653.66455078
-0.144052684307,1.16582977772,-0.280481338501,1653.68444824
-0.11813493818,1.1584135294,-0.304995417595,1653.71154785
-0.105057172477,1.15428972244,-0.315429747105,1653.73156738
-0.0789735987782,1.1457451582,-0.337915986776,1653.75500488
-0.0531034767628,1.13714468479,-0.361166208982,1653.77844238
-0.0146066220477,1.12335538864,-0.397515386343,1653.81433105
0.0106535851955,1.11276578903,-0.418613880873,1653.83447266
0.035445407033,1.10156154633,-0.441519171,1653.86962891
0.0599640905857,1.08934235573,-0.462363243103,1653.89111328
0.0843647196889,1.07697749138,-0.484762787819,1653.91296387
0.108661130071,1.06405806541,-0.508400440216,1653.93676758
0.13265325129,1.05085849762,-0.532841265202,1653.96069336
0.144645363092,1.04417359829,-0.54542440176,1653.98205566
0.168510571122,1.0304813385,-0.568557858467,1654.00537109
0.192008599639,1.01609635353,-0.592398762703,1654.02746582
0.215235024691,1.00126039982,-0.617684066296,1654.04785156
0.237841084599,0.985359251499,-0.641214609146,1654.07128906
0.260139763355,0.968767940998,-0.664951324463,1654.09606934
0.27099391818,0.960172891617,-0.675416707993,1654.11889648
0.292501866817,0.943394422531,-0.699539124966,1654.13928223
0.313355177641,0.925335288048,-0.72106897831,1654.16320801
0.334360867739,0.907030761242,-0.743881285191,1654.18457031
0.354667931795,0.88858038187,-0.768520832062,1654.2130127
0.374119490385,0.869713008404,-0.791030108929,1654.23718262
0.403026401997,0.840627253056,-0.826770782471,1654.27038574
0.42132127285,0.820842504501,-0.850298345089,1654.2947998
0.439512878656,0.800410687923,-0.87332957983,1654.32421875
0.456917613745,0.780181467533,-0.894804775715,1654.34814453
0.465410560369,0.769995331764,-0.908793747425,1654.36865234
0.482238441706,0.748529851437,-0.928930163383,1654.38879395
0.498203217983,0.727119922638,-0.949767172337,1654.41210938
0.514339089394,0.705423057079,-0.973593950272,1654.43554688
0.529357075691,0.683361530304,-0.997896552086,1654.45849609
0.537005841732,0.671996235847,-1.00890898705,1654.47900391
0.551120340824,0.649737536907,-1.03094673157,1654.50390625
0.564710974693,0.626471102238,-1.05353689194,1654.53076172
0.577256083488,0.603286445141,-1.07517635822,1654.55419922
0.590727329254,0.58016949892,-1.10075771809,1654.57519531
0.603597164154,0.557450354099,-1.12655413151,1654.59741211
0.614777326584,0.533445417881,-1.14778959751,1654.62158203
0.625241339207,0.50944763422,-1.16796481609,1654.64819336
0.630919098854,0.497890770435,-1.18156003952,1654.66821289
0.641308307648,0.474010318518,-1.20637881756,1654.69152832
0.650325059891,0.449630588293,-1.22681796551,1654.71716309
0.658692717552,0.425031989813,-1.24884319305,1654.73681641
0.666872262955,0.400486677885,-1.2711545229,1654.75891113
0.674820661545,0.375925987959,-1.29420399666,1654.78771973
0.681737482548,0.350998908281,-1.31444561481,1654.81188965
0.688135445118,0.325967311859,-1.33689689636,1654.83581543
0.693760216236,0.300458043814,-1.35729086399,1654.86767578
0.699584245682,0.274820655584,-1.38161194324,1654.89221191
0.704394221306,0.249185025692,-1.40287959576,1654.91662598
0.708729445934,0.223384007812,-1.4267796278,1654.94030762
0.71245187521,0.197659775615,-1.44867575169,1654.96411133
0.715922415257,0.171610146761,-1.47122216225,1654.98779297
0.718193471432,0.145439013839,-1.49272477627,1655.00805664
0.719257235527,0.132301002741,-1.50312530994,1655.03198242
0.721074819565,0.106176763773,-1.52575719357,1655.05224609
0.722699046135,0.0797848552465,-1.54848515987,1655.07592773
0.723426103592,0.0534541010857,-1.56915223598,1655.10021973
0.723225414753,0.013813492842,-1.60371983051,1655.12451172
0.720949232578,-0.0259370002896,-1.63478171825,1655.17102051
0.719660043716,-0.0524079836905,-1.65745449066,1655.19519043
0.717812895775,-0.0791444480419,-1.68119251728,1655.22619629
0.714465618134,-0.105792135,-1.70230841637,1655.24926758
0.712744057178,-0.118967615068,-1.71222746372,1655.26953125
0.709165036678,-0.145835936069,-1.73552668095,1655.29284668
0.704853951931,-0.17246440053,-1.75713717937,1655.31799316
0.697717368603,-0.212067574263,-1.7927737236,1655.34655762
0.692208707333,-0.238327488303,-1.8163343668,1655.3717041
0.685830652714,-0.26447275281,-1.83769965172,1655.39672852
0.678391695023,-0.290734052658,-1.85829818249,1655.41723633
0.671142041683,-0.316859453917,-1.88093340397,1655.45751953
0.658817589283,-0.35538238287,-1.91597938538,1655.48071289
0.649988532066,-0.380886167288,-1.93866944313,1655.51159668
0.64059650898,-0.40644556284,-1.96137285233,1655.53601074
0.630833506584,-0.431824177504,-1.98579990864,1655.56030273
0.62047880888,-0.456774532795,-2.00938177109,1655.58459473
0.609187722206,-0.481487989426,-2.03200888634,1655.61035156
0.597447752953,-0.505670249462,-2.0546848774,1655.63476562
0.579051017761,-0.541487753391,-2.08946108818,1655.66625977
0.5588362813,-0.576296985149,-2.12342047691,1655.7076416
0.544784486294,-0.599632978439,-2.14640021324,1655.73339844
0.530900239944,-0.622448563576,-2.17089676857,1655.75817871
0.516154646873,-0.644717156887,-2.19474768639,1655.78271484
0.50066113472,-0.666708528996,-2.21806764603,1655.80944824
0.484887957573,-0.688087046146,-2.24119210243,1655.83496094
0.468429028988,-0.709120631218,-2.26359963417,1655.86694336
0.451342344284,-0.72966593504,-2.28535580635,1655.88842773
0.434136539698,-0.749979317188,-2.30831599236,1655.91296387
0.41645398736,-0.769726037979,-2.32998561859,1655.93347168
0.398412615061,-0.789253592491,-2.35275530815,1655.96801758
0.379673987627,-0.808367788792,-2.37434577942,1655.98791504
0.361028552055,-0.826877832413,-2.39791727066,1656.01330566
0.341356724501,-0.844872176647,-2.42166280746,1656.03405762
0.321598410606,-0.862030506134,-2.44417834282,1656.0637207
0.300936222076,-0.878929793835,-2.46637654305,1656.08752441
0.280681908131,-0.895233988762,-2.49012732506,1656.11169434
0.259750932455,-0.911299347878,-2.5121781826,1656.13586426
0.238440811634,-0.9269272089,-2.53450536728,1656.16137695
0.217073425651,-0.942410647869,-2.55822634697,1656.18493652
0.19515940547,-0.957088291645,-2.58051395416,1656.20861816
0.172719955444,-0.971183717251,-2.6024389267,1656.23266602
0.150165885687,-0.984788835049,-2.62498807907,1656.25866699
0.126976594329,-0.997834265232,-2.64678239822,1656.28857422
0.103980779648,-1.01035308838,-2.67021226883,1656.31420898
0.0804220959544,-1.0226547718,-2.69354009628,1656.34130859
0.0567872077227,-1.03414201736,-2.71609044075,1656.36779785
0.0329732894897,-1.04533517361,-2.74026441574,1656.39160156
0.00893226079643,-1.05569088459,-2.76294255257,1656.41577148
-0.0156870298088,-1.06520533562,-2.78511953354,1656.4362793
-0.0403791740537,-1.07440578938,-2.80850934982,1656.46289062
-0.0652991980314,-1.0829385519,-2.83103656769,1656.48303223
-0.077955879271,-1.08711755276,-2.84276628494,1656.50402832
-0.103317670524,-1.09512460232,-2.86583971977,1656.52416992
-0.116040699184,-1.09878361225,-2.87771010399,1656.54467773
-0.141532167792,-1.10558664799,-2.89858150482,1656.56713867
-0.167115047574,-1.11232340336,-2.92219614983,1656.58935547
-0.192884191871,-1.11823618412,-2.94455051422,1656.61035156
-0.218886211514,-1.12331438065,-2.96567201614,1656.63562012
-0.244829818606,-1.12792110443,-2.98823809624,1656.66015625
-0.270649194717,-1.13151752949,-3.00979876518,1656.6862793
-0.283666729927,-1.13335943222,-3.02106118202,1656.70739746
-0.309942364693,-1.13703525066,-3.04540014267,1656.73168945
-0.336264193058,-1.13989233971,-3.06758785248,1656.75598145
-0.362867802382,-1.14212107658,-3.0905354023,1656.78112793
-0.389700740576,-1.14330720901,-3.11177492142,1656.80114746
-0.416312277317,-1.14409661293,-3.13329672813,1656.82165527
-0.442920655012,-1.14469575882,3.12653279305,1656.84228516
-0.46980085969,-1.14445674419,3.10449886322,1656.875
-0.496627151966,-1.14376103878,3.08010959625,1656.89660645
-0.523224771023,-1.14193689823,3.05832338333,1656.9206543
-0.536617815495,-1.14107728004,3.04607391357,1656.94445801
-0.563109576702,-1.13878715038,3.02327442169,1656.96875
-0.589355885983,-1.13573133945,2.99978971481,1656.98962402
-0.629183530807,-1.13001406193,2.96641302109,1657.01306152
-0.655641019344,-1.12506699562,2.94589829445,1657.05212402
-0.682055711746,-1.12000608444,2.92353606224,1657.07263184
-0.708295106888,-1.11463153362,2.90015053749,1657.09802246
-0.734297394753,-1.10877978802,2.8763024807,1657.12341309
-0.747422456741,-1.10566544533,2.86422610283,1657.1439209
-0.773482561111,-1.09853923321,2.84190583229,1657.16723633
-0.799439966679,-1.0908190012,2.82021999359,1657.19067383
-0.825002253056,-1.08236885071,2.79767584801,1657.2109375
-0.837758898735,-1.07803654671,2.78521132469,1657.23193359
-0.863238334656,-1.068775177,2.76293420792,1657.25476074
-0.88853931427,-1.05934083462,2.73887348175,1657.27929688
-0.913697898388,-1.04898011684,2.71576666832,1657.29919434
-0.93832975626,-1.0379114151,2.69324064255,1657.32226562
-0.950700163841,-1.03184723854,2.68227267265,1657.34301758
-0.987519085407,-1.01422715187,2.64539909363,1657.3671875
-1.01180970669,-1.00184035301,2.62043571472,1657.40356445
-1.04712402821,-0.981721520424,2.58482766151,1657.43908691
-1.07014417648,-0.967473268509,2.55973100662,1657.46374512
-1.09290707111,-0.952603638172,2.53725886345,1657.48400879
-1.10393726826,-0.945219159126,2.52660059929,1657.50561523
-1.12653172016,-0.929673135281,2.50132870674,1657.52893066
-1.14844119549,-0.91356241703,2.47843623161,1657.55334473
-1.16994976997,-0.896505475044,2.45756816864,1657.57739258
-1.19122171402,-0.879550457001,2.43401360512,1657.60168457
-1.21267032623,-0.862555623055,2.406645298,1657.62231445
-1.23313975334,-0.843937218189,2.38368988037,1657.64550781
-1.25294268131,-0.824911832809,2.3620390892,1657.67297363
-1.27270185947,-0.805178999901,2.34015583992,1657.70397949
-1.29230093956,-0.785185813904,2.31611275673,1657.72888184
-1.31140327454,-0.765370845795,2.29354357719,1657.74975586
-1.32982826233,-0.74441498518,2.27040910721,1657.77294922
-1.34726083279,-0.723014712334,2.24682474136,1657.79614258
-1.35590708256,-0.712221324444,2.23512005806,1657.81640625
-1.37319874763,-0.690639257431,2.21079039574,1657.8371582
-1.38999962807,-0.668471634388,2.18707418442,1657.86010742
-1.40628945827,-0.646307170391,2.16260647774,1657.88049316
-1.4140856266,-0.634608030319,2.1505947113,1657.90612793
-1.42970454693,-0.611933350563,2.12631773949,1657.9317627
-1.444419384,-0.588659346104,2.10159850121,1657.95727539
-1.46507847309,-0.553029954433,2.06684541702,1657.98168945
-1.47777938843,-0.528730750084,2.04457259178,1658.01660156
-1.49629569054,-0.492097526789,2.0112092495,1658.04077148
-1.50814557076,-0.467445641756,1.98655748367,1658.07263184
-1.51922082901,-0.442615121603,1.96309649944,1658.09692383
-1.52986896038,-0.417079687119,1.94209456444,1658.12072754
-1.53500580788,-0.404572993517,1.92869019508,1658.14428711
-1.54498159885,-0.379038333893,1.90459048748,1658.16394043
-1.5541138649,-0.35323920846,1.87916684151,1658.18823242
-1.5622395277,-0.327139317989,1.85682487488,1658.21691895
-1.57001268864,-0.300973623991,1.83249866962,1658.23986816
-1.57709681988,-0.274734854698,1.80989575386,1658.26452637
-1.58356964588,-0.247953876853,1.78784883022,1658.28833008
-1.59180855751,-0.207829028368,1.75487864017,1658.32373047
-1.59713447094,-0.181106433272,1.72953033447,1658.34765625
-1.60178041458,-0.154573068023,1.70696675777,1658.37109375
-1.60587739944,-0.127510979772,1.68412578106,1658.40307617
-1.60908997059,-0.100848428905,1.65917575359,1658.42675781
-1.61122083664,-0.0736601129174,1.63724970818,1658.45263672
-1.61317205429,-0.0465050153434,1.61417841911,1658.47692871
-1.61466479301,-0.0193287301809,1.59185779095,1658.50024414
-1.61576962471,0.00783260446042,1.56873631477,1658.52404785
-1.61581575871,0.0350018590689,1.54549694061,1658.54577637
-1.61559700966,0.0487305670977,1.53413307667,1658.56933594
-1.61459445953,0.0760420709848,1.51053881645,1658.59301758
-1.61274898052,0.102654352784,1.48820996284,1658.61877441
-1.61080050468,0.129668951035,1.46349740028,1658.64257812
-1.60637927055,0.170310676098,1.42883467674,1658.67041016
-1.60294103622,0.197251543403,1.4056583643,1658.69958496
-1.59833979607,0.223927035928,1.38238930702,1658.72705078
-1.59314668179,0.250842988491,1.35952293873,1658.74829102
-1.58755123615,0.277881383896,1.33784711361,1658.77246094
-1.57770097256,0.318061679602,1.30538153648,1658.79272461
-1.57111644745,0.344402968884,1.28120827675,1658.83959961
-1.56337201595,0.370686769485,1.25764131546,1658.86047363
-1.55942368507,0.383954048157,1.24548459053,1658.88098145
-1.55137097836,0.410431295633,1.2210547924,1658.90344238
-1.53704512119,0.448725730181,1.18807435036,1658.93273926
-1.53267562389,0.461298912764,1.17587947845,1658.95690918
-1.52218103409,0.486535668373,1.15432596207,1658.98132324
-1.50004065037,0.536669790745,1.10742425919,1659.00634766
-1.48809421062,0.561215937138,1.08295333385,1659.05175781
-1.47545981407,0.585314154625,1.05917727947,1659.07653809
-1.46196961403,0.609280765057,1.03528892994,1659.1015625
-1.44824647903,0.63274204731,1.01142275333,1659.12207031
-1.43447685242,0.656211555004,0.986874461174,1659.1463623
-1.42719113827,0.667726814747,0.974214017391,1659.16967773
-1.41177725792,0.69063270092,0.951087474823,1659.18994141
-1.38766849041,0.723629653454,0.916342794895,1659.21008301
-1.36352038383,0.756337344646,0.879883468151,1659.25549316
-1.3463177681,0.777663886547,0.856509566307,1659.28271484
-1.31920576096,0.80741071701,0.821967959404,1659.3067627
-1.30046761036,0.827055037022,0.800360321999,1659.34960938
-1.28186893463,0.846674084663,0.77709376812,1659.37341309
-1.26272702217,0.865790188313,0.754642009735,1659.39685059
-1.24295544624,0.884298026562,0.731884419918,1659.42419434
-1.22253847122,0.902445435524,0.710843622684,1659.44750977
-1.2023396492,0.920585751534,0.687092363834,1659.47180176
-1.18177568913,0.937673687935,0.663040161133,1659.50268555
-1.16047716141,0.954541921616,0.638630270958,1659.52783203
-1.1387847662,0.970351278782,0.616032242775,1659.55249023
-1.11655569077,0.985445320606,0.594348549843,1659.57763672
-1.09451270103,1.00126183033,0.569839119911,1659.60058594
-1.07237446308,1.01622760296,0.547909319401,1659.62353516
-1.0493568182,1.03067600727,0.525216579437,1659.64831543
-1.02621018887,1.04416549206,0.503221452236,1659.67602539
-1.00282776356,1.05765855312,0.480889201164,1659.70007324
-0.978879570961,1.07000422478,0.459225684404,1659.72497559
-0.954795300961,1.08168947697,0.438223659992,1659.75476074
-0.930238544941,1.09327435493,0.414545625448,1659.78161621
-0.90544629097,1.10411810875,0.392579913139,1659.80541992
-0.88080728054,1.1148519516,0.36964610219,1659.82922363
-0.856143653393,1.12491500378,0.345583975315,1659.85021973
-0.818319499493,1.14005017281,0.310230135918,1659.88317871
-0.793075084686,1.14915192127,0.287005275488,1659.91003418
-0.767646431923,1.15802919865,0.262307375669,1659.93737793
-0.742148280144,1.16554319859,0.237018600106,1659.96081543
-0.71603256464,1.17222690582,0.213214278221,1659.98120117
-0.702750504017,1.17495632172,0.201402500272,1660.00671387
-0.663517773151,1.18283581734,0.166048422456,1660.02990723
-0.63678663969,1.1871483326,0.144322142005,1660.06481934
-0.61006551981,1.19129550457,0.119172312319,1660.09448242
-0.583140015602,1.19494688511,0.0948920845985,1660.11425781
-0.55657941103,1.19802641869,0.0713540390134,1660.13891602
-0.529805183411,1.20044255257,0.046729773283,1660.16882324
-0.489754527807,1.20236635208,0.0111655695364,1660.19543457
-0.476396620274,1.20259237289,-0.00153528677765,1660.21533203
-0.449813067913,1.20232284069,-0.0227245613933,1660.23876953
-0.423203617334,1.20164191723,-0.0440130233765,1660.26281738
-0.396576315165,1.20065069199,-0.067504376173,1660.2890625
-0.369964629412,1.19878661633,-0.0896310731769,1660.31213379
