-0.957907140255,1.25600838661,0.524429917336,1476.7130127
-0.941088140011,1.26631033421,0.496545791626,1476.74389648
-0.924139618874,1.27592754364,0.471520423889,1476.76818848
-0.906644582748,1.28512477875,0.44679698348,1476.78845215
-0.897889375687,1.28934037685,0.435187757015,1476.80847168
-0.879851460457,1.29812085629,0.408953547478,1476.83044434
-0.862043678761,1.3058154583,0.382862895727,1476.85534668
-0.843768656254,1.3128721714,0.357959508896,1476.88012695
-0.825136840343,1.3197259903,0.333800971508,1476.9005127
-0.806569933891,1.3263964653,0.308260649443,1476.92358398
-0.79712331295,1.32947266102,0.29663670063,1476.94482422
-0.778323411942,1.33562529087,0.270986706018,1476.97131348
-0.759495198727,1.34150469303,0.244845092297,1476.99365234
-0.740750074387,1.34659004211,0.21831817925,1477.01977539
-0.721290767193,1.35115587711,0.192375570536,1477.04614258
-0.701695919037,1.35506856441,0.166154280305,1477.06628418
-0.682263672352,1.35884213448,0.139918044209,1477.0880127
-0.672572731972,1.36068415642,0.126859590411,1477.10949707
-0.653088212013,1.3637471199,0.100136071444,1477.1295166
-0.633560121059,1.36590218544,0.0737525522709,1477.15307617
-0.613761603832,1.36756873131,0.0481420531869,1477.17614746
-0.603990316391,1.36827158928,0.0352634973824,1477.19665527
-0.574749469757,1.36953997612,-0.00503255194053,1477.22302246
-0.5547965765,1.36976397038,-0.0319405756891,1477.24768066
-0.544987082481,1.36981832981,-0.0447470247746,1477.2722168
-0.525236010551,1.36906015873,-0.0695932805538,1477.29602051
-0.505494534969,1.3679703474,-0.0961745008826,1477.31970215
-0.476200044155,1.36531698704,-0.135412588716,1477.34338379
-0.456465631723,1.36293125153,-0.162811219692,1477.38305664
-0.437225461006,1.35956716537,-0.187826111913,1477.40966797
-0.417840093374,1.35642957687,-0.213550209999,1477.43310547
-0.398849546909,1.35231852531,-0.240080028772,1477.45629883
-0.379646986723,1.3478525877,-0.264603704214,1477.47961426
-0.350653320551,1.34056305885,-0.302999615669,1477.49951172
-0.3321146667,1.33467268944,-0.325858563185,1477.53527832
-0.322642564774,1.33158922195,-0.338476389647,1477.5559082
-0.303892284632,1.32547187805,-0.363498657942,1477.578125
-0.285755187273,1.31834888458,-0.387619078159,1477.60192871
-0.267586410046,1.31100058556,-0.412580966949,1477.62854004
-0.240707114339,1.29932713509,-0.451232194901,1477.65270996
-0.222980931401,1.29112696648,-0.478178828955,1477.69067383
-0.205556690693,1.28197288513,-0.502235651016,1477.71582031
-0.188305035233,1.27280366421,-0.529314041138,1477.74035645
-0.171196654439,1.2631816864,-0.555227816105,1477.76464844
-0.154242321849,1.25253558159,-0.579412221909,1477.7902832
-0.137522429228,1.2421091795,-0.607578873634,1477.82067871
-0.11316999048,1.22500479221,-0.648624122143,1477.8494873
-0.0973538458347,1.21362566948,-0.675716996193,1477.87463379
-0.0817676708102,1.20192468166,-0.703134298325,1477.89892578
-0.0666363611817,1.18920433521,-0.727664113045,1477.9230957
-0.0589941255748,1.18286800385,-0.7418217659,1477.94616699
-0.0443274229765,1.17007148266,-0.766962707043,1477.97045898
-0.0234836749732,1.14968407154,-0.804277837276,1477.99597168
-0.00979167874902,1.13585758209,-0.830401837826,1478.03063965
0.00335974642076,1.12146389484,-0.85529589653,1478.05578613
0.0160677265376,1.10719454288,-0.880656599998,1478.08007812
0.0282483641058,1.09184682369,-0.904802918434,1478.10473633
0.0466226600111,1.06903374195,-0.944077134132,1478.13342285
0.0581393092871,1.05286741257,-0.967621445656,1478.16259766
0.068992421031,1.03664660454,-0.992952644825,1478.18798828
0.0797481611371,1.02004051208,-1.01797842979,1478.21154785
0.0852234661579,1.01200544834,-1.0315849781,1478.23498535
0.0955745726824,0.995079815388,-1.05791974068,1478.25854492
0.10565533489,0.977939724922,-1.08581423759,1478.28198242
0.114960774779,0.960384905338,-1.11218214035,1478.3059082
0.123882479966,0.94317483902,-1.13779067993,1478.33032227
0.132144674659,0.925189554691,-1.16243243217,1478.35510254
0.140633821487,0.907449126244,-1.18938529491,1478.37854004
0.14813554287,0.889413654804,-1.21482014656,1478.40270996
0.151674360037,0.880305051804,-1.2274312973,1478.42272949
0.158151209354,0.862541854382,-1.25258350372,1478.44299316
0.164670780301,0.844198226929,-1.2797870636,1478.46386719
0.170258283615,0.825590670109,-1.30466020107,1478.48596191
0.173107609153,0.816457629204,-1.31790447235,1478.50952148
0.18315435946,0.779558777809,-1.36941456795,1478.52905273
0.18523208797,0.770412147045,-1.38121056557,1478.57263184
0.189114302397,0.751743257046,-1.40632510185,1478.59716797
0.193623527884,0.723701417446,-1.44195139408,1478.62133789
0.196382492781,0.705071687698,-1.46650373936,1478.65551758
0.198836222291,0.686289668083,-1.4925532341,1478.67858887
0.201442152262,0.658076643944,-1.5323754549,1478.70910645
0.202024444938,0.639298975468,-1.5573143959,1478.74194336
0.20191963017,0.601420164108,-1.60444700718,1478.76733398
0.201311081648,0.572940766811,-1.64067530632,1478.82458496
0.198824837804,0.535003185272,-1.69224143028,1478.85144043
0.195872187614,0.506543159485,-1.73121619225,1478.90063477
0.191321611404,0.478756427765,-1.7689384222,1478.94116211
0.187703937292,0.460395812988,-1.79332280159,1478.97668457
0.182018250227,0.432875007391,-1.83123898506,1479.01757812
0.17705976963,0.414946228266,-1.85473179817,1479.04125977
0.168922007084,0.388571709394,-1.89187836647,1479.0645752
0.145248383284,0.318573713303,-1.99371469021,1479.12512207
0.13358207047,0.293277353048,-2.02811336517,1479.20690918
0.117144934833,0.259826481342,-2.07954573631,1479.24047852
0.094099111855,0.219010189176,-2.13850665092,1479.2911377
0.0731381252408,0.187596976757,-2.18662977219,1479.35351562
0.062401548028,0.172087803483,-2.21122360229,1479.40820312
0.0515456572175,0.156606644392,-2.2376871109,1479.43359375
0.0340603813529,0.134111270308,-2.27582740784,1479.46240234
0.0217374470085,0.119715489447,-2.29963088036,1479.48901367
0.00925321597606,0.105568669736,-2.3250272274,1479.51086426
-0.00364265800454,0.0916856005788,-2.34933638573,1479.54736328
-0.0167025495321,0.0777739882469,-2.37485933304,1479.57226562
-0.0365802012384,0.0577675774693,-2.41386628151,1479.60351562
-0.0647604316473,0.0322914496064,-2.46607661247,1479.63305664
-0.0792304351926,0.0202285107225,-2.49097156525,1479.67980957
-0.0941775739193,0.00835329666734,-2.51751756668,1479.7043457
-0.117198750377,-0.00845170207322,-2.55570173264,1479.73010254
-0.13316296041,-0.0188939515501,-2.58067154884,1479.76879883
-0.165550410748,-0.0391901992261,-2.63053941727,1479.79724121
-0.182270392776,-0.0480399951339,-2.65414166451,1479.83935547
-0.199163511395,-0.0575682856143,-2.67991161346,1479.86706543
-0.233500346541,-0.0743676051497,-2.73076891899,1479.88891602
-0.251203119755,-0.0819033607841,-2.75548672676,1479.9407959
-0.286911070347,-0.0961928516626,-2.80522441864,1479.96850586
-0.3052072227,-0.102732568979,-2.83043026924,1480.01623535
-0.332937836647,-0.11190982163,-2.86743736267,1480.0423584
-0.360701590776,-0.119751289487,-2.90608024597,1480.08496094
-0.379716426134,-0.124230518937,-2.93103480339,1480.1126709
-0.398531913757,-0.128818362951,-2.95728230476,1480.14416504
-0.417571246624,-0.132411673665,-2.98301434517,1480.16809082
-0.446211904287,-0.136918097734,-3.02100133896,1480.19348145
-0.465443938971,-0.139350444078,-3.04565477371,1480.23461914
-0.484603285789,-0.141422018409,-3.07146549225,1480.25964355
-0.513581931591,-0.143826186657,-3.1108880043,1480.29174805
-0.532849669456,-0.144640296698,-3.13558793068,1480.31567383
-0.571332812309,-0.14534561336,3.09699845314,1480.36132812
-0.581056892872,-0.145182594657,3.08421373367,1480.38513184
-0.609885573387,-0.143699496984,3.04721331596,1480.41040039
-0.628981947899,-0.142152488232,3.02125620842,1480.43078613
-0.648278236389,-0.139991745353,2.99619007111,1480.45654297
-0.667281508446,-0.137476995587,2.97092080116,1480.48999023
-0.734020292759,-0.124193884432,2.88201975822,1480.51513672
-0.762535631657,-0.116754256189,2.84435772896,1480.61328125
-0.781805336475,-0.110803313553,2.82194471359,1480.63769531
-0.819662630558,-0.0989341810346,2.77330088615,1480.65820312
-0.848121583462,-0.0892295613885,2.73138952255,1480.72045898
-0.866434216499,-0.0818213224411,2.70605659485,1480.75585938
-0.884566545486,-0.0732811242342,2.67789292336,1480.78198242
-0.911345779896,-0.0605134405196,2.64152550697,1480.80822754
-0.928930640221,-0.0515893660486,2.61461830139,1480.83618164
-0.963275671005,-0.0313989035785,2.56342959404,1480.87792969
-0.996438741684,-0.00994429271668,2.50999069214,1480.92053223
-1.02904951572,0.0129474494606,2.4552063942,1480.97595215
-1.05222153664,0.0315444730222,2.4153149128,1481.01672363
-1.08172404766,0.0580843128264,2.36131501198,1481.0526123
-1.10964560509,0.08608956635,2.30729556084,1481.10864258
-1.12967050076,0.108480244875,2.26841425896,1481.15380859
-1.15487265587,0.139523595572,2.21863102913,1481.19897461
-1.17853271961,0.172013387084,2.16874718666,1481.24169922
-1.20080840588,0.206089928746,2.11349153519,1481.28771973
-1.21597075462,0.231826871634,2.07556557655,1481.34802246
-1.2309422493,0.258192837238,2.0349342823,1481.38293457
-1.2396916151,0.275989383459,2.00989937782,1481.41418457
-1.25631117821,0.312219053507,1.95547544956,1481.44274902
-1.26445221901,0.330613642931,1.92850232124,1481.48901367
-1.27192699909,0.348893344402,1.90170061588,1481.51623535
-1.2855284214,0.387103945017,1.84930968285,1481.54614258
-1.29048275948,0.406392067671,1.82516765594,1481.58789062
-1.29283189774,0.41645616293,1.81298542023,1481.60852051
-1.30035746098,0.445500135422,1.77236163616,1481.63500977
-1.30402517319,0.465376168489,1.74607503414,1481.65966797
-1.30590116978,0.475503236055,1.73261988163,1481.68395996
-1.30841422081,0.495291382074,1.70782899857,1481.70361328
-1.31137478352,0.515618443489,1.68324363232,1481.73083496
-1.31421816349,0.535923779011,1.65745615959,1481.7565918
-1.31705367565,0.566243886948,1.61754560471,1481.7833252
-1.31788301468,0.58637034893,1.5909525156,1481.81494141
-1.31852960587,0.606858432293,1.56325864792,1481.83984375
-1.31878387928,0.627268373966,1.53740775585,1481.86376953
-1.31860327721,0.64748865366,1.50933790207,1481.88818359
-1.31804573536,0.657645046711,1.49645328522,1481.90844727
-1.31636679173,0.677898287773,1.47048079967,1481.92932129
-1.3144261837,0.698402106762,1.44272744656,1481.953125
-1.31194281578,0.718345165253,1.41712605953,1481.97729492
-1.30899655819,0.738453805447,1.38955891132,1481.99731445
-1.30717933178,0.748266994953,1.37705051899,1482.01843262
-1.3033592701,0.768195033073,1.34965980053,1482.04467773
-1.29899525642,0.787952065468,1.3238915205,1482.06872559
-1.29494249821,0.808411478996,1.29460144043,1482.0925293
-1.28977417946,0.827496945858,1.26861894131,1482.11657715
-1.28406465054,0.847101092339,1.24121487141,1482.14050293
-1.27750301361,0.866173863411,1.21559214592,1482.16467285
-1.27047693729,0.885350167751,1.18917703629,1482.18859863
-1.26710188389,0.894593656063,1.17453169823,1482.20861816
-1.2595192194,0.913246750832,1.14874911308,1482.23144531
-1.25125718117,0.93187379837,1.12220358849,1482.25158691
-1.24300825596,0.950113832951,1.09488737583,1482.2746582
-1.23834788799,0.959359169006,1.08192873001,1482.29553223
-1.22887349129,0.977393627167,1.05616283417,1482.31982422
-1.21926522255,0.994818270206,1.03125596046,1482.34118652
-1.2090344429,1.01236867905,1.00596737862,1482.36157227
-1.19861710072,1.02989792824,0.979444205761,1482.39160156
-1.18765723705,1.04672563076,0.954044103622,1482.41625977
-1.1760853529,1.06309056282,0.926773190498,1482.44018555
-1.16398227215,1.07888877392,0.90260964632,1482.4642334
-1.15157461166,1.0948112011,0.874954819679,1482.48876953
-1.13920116425,1.11057972908,0.849396824837,1482.51123047
-1.13273000717,1.11834669113,0.835829675198,1482.53125
-1.11946737766,1.13330054283,0.809257864952,1482.5526123
-1.10617637634,1.14791941643,0.78250259161,1482.57373047
-1.09223210812,1.16211247444,0.755727291107,1482.60998535
-1.07074820995,1.18297195435,0.715115487576,1482.63415527
-1.05585515499,1.19629609585,0.688035905361,1482.66601562
-1.0405973196,1.20923686028,0.661808431149,1482.69006348
-1.02525043488,1.22137391567,0.635304868221,1482.71508789
-1.00927269459,1.23336434364,0.608651697636,1482.73657227
-0.99308437109,1.2449246645,0.581536591053,1482.76098633
-0.984994888306,1.25062835217,0.567935466766,1482.7845459
-0.968211948872,1.26142346859,0.541634261608,1482.80505371
-0.951316833496,1.27175414562,0.517358779907,1482.82543945
-0.934115588665,1.28184211254,0.491389036179,1482.84838867
-0.916678845882,1.29163491726,0.466479033232,1482.87097168
-0.898660719395,1.3009916544,0.441825717688,1482.90356445
-0.880782842636,1.30941998959,0.416416049004,1482.92858887
-0.862925648689,1.31776332855,0.388407200575,1482.95263672
-0.844437599182,1.32551121712,0.362637042999,1482.97668457
-0.815920054913,1.33586847782,0.325939118862,1483.01269531
-0.797282516956,1.34242987633,0.300383329391,1483.03930664
-0.77861815691,1.34901034832,0.274188607931,1483.06530762
-0.759211540222,1.35458791256,0.248594731092,1483.09057617
-0.740043520927,1.35985338688,0.220767587423,1483.11071777
-0.730479538441,1.36202180386,0.209070578218,1483.13110352
-0.710873007774,1.36658942699,0.181753113866,1483.15576172
-0.691461265087,1.37058997154,0.156323567033,1483.17590332
-0.681639671326,1.37250876427,0.142333060503,1483.19763184
-0.661731541157,1.37574267387,0.117530502379,1483.22192383
-0.641813874245,1.37856948376,0.0901064127684,1483.24645996
-0.622189939022,1.38075244427,0.0645919069648,1483.27075195
-0.592456161976,1.38274013996,0.0244886800647,1483.2956543
-0.572466909885,1.38328337669,-0.00204567331821,1483.32788086
-0.542654037476,1.38350725174,-0.0416396297514,1483.35546875
-0.522838890553,1.38288986683,-0.0684092566371,1483.38806152
-0.493208378553,1.38113570213,-0.107591167092,1483.42370605
-0.473552197218,1.37915563583,-0.134155616164,1483.45031738
-0.453743159771,1.37668561935,-0.159381985664,1483.47717285
-0.424075841904,1.37231612206,-0.198340073228,1483.50744629
-0.394991338253,1.36706852913,-0.239441379905,1483.54492188
-0.366202145815,1.35958623886,-0.277511805296,1483.58691406
-0.346757143736,1.35433030128,-0.303592860699,1483.6138916
-0.327908694744,1.34885644913,-0.32877355814,1483.64123535
-0.308863997459,1.34259533882,-0.353749662638,1483.6673584
-0.290243864059,1.33547103405,-0.377379775047,1483.69384766
-0.262765139341,1.32451474667,-0.414366006851,1483.72424316
-0.253651738167,1.32074940205,-0.427743583918,1483.74707031
-0.235657885671,1.31266570091,-0.453383862972,1483.7677002
-0.217903703451,1.30415570736,-0.478756159544,1483.79309082
-0.200429573655,1.29511165619,-0.504596710205,1483.81835938
-0.182638838887,1.28580355644,-0.530933976173,1483.83874512
-0.16537374258,1.27584385872,-0.556378126144,1483.86071777
-0.156742334366,1.27079474926,-0.569252789021,1483.88452148
-0.131596177816,1.25495374203,-0.608566939831,1483.90844727
-0.114939972758,1.24352300167,-0.637528538704,1483.93933105
-0.0991781651974,1.23163938522,-0.663264214993,1483.9630127
-0.0831113010645,1.21980571747,-0.691592395306,1483.9876709
-0.0677871778607,1.20726072788,-0.716298103333,1484.01257324
-0.0524778552353,1.19475257397,-0.743114829063,1484.03710938
-0.0447972677648,1.18821680546,-0.755837202072,1484.05749512
-0.0306423138827,1.17517125607,-0.781826734543,1484.07824707
-0.016658956185,1.16093170643,-0.806794643402,1484.09899902
-0.00986220873892,1.15393781662,-0.820217072964,1484.12023926
0.00360958254896,1.13985383511,-0.846053779125,1484.14245605
0.0171643365175,1.12566697598,-0.872158408165,1484.16247559
0.0299623329192,1.11060416698,-0.897474348545,1484.19519043
0.0426877997816,1.09553682804,-0.923409342766,1484.21557617
0.0543486736715,1.07916712761,-0.947837650776,1484.23669434
0.0657578110695,1.06320095062,-0.972025156021,1484.26086426
0.0770122557878,1.0468660593,-0.997864246368,1484.29748535
0.0877238288522,1.03023946285,-1.02387475967,1484.31835938
0.098170787096,1.01319336891,-1.0487164259,1484.33898926
0.103530026972,1.00476515293,-1.06366407871,1484.36010742
0.113494090736,0.987357974052,-1.08914959431,1484.38464355
0.122466444969,0.969749033451,-1.1138343811,1484.40869141
0.131274342537,0.951992988586,-1.14105427265,1484.43273926
0.140002757311,0.934141457081,-1.1696293354,1484.4564209
0.147936373949,0.915829062462,-1.19405055046,1484.47998047
0.155665487051,0.897804558277,-1.21718049049,1484.50061035
0.16287741065,0.879478096962,-1.24495887756,1484.52416992
0.166314229369,0.870281398296,-1.25831711292,1484.54614258
0.172425612807,0.852087557316,-1.28281211853,1484.56726074
0.178442791104,0.833229899406,-1.31105983257,1484.59204102
0.186259612441,0.805134057999,-1.34999084473,1484.61645508
0.188552871346,0.795879602432,-1.36263632774,1484.64318848
0.192759931087,0.777068853378,-1.38789904118,1484.66650391
0.196512565017,0.758344054222,-1.41237819195,1484.68664551
0.199576184154,0.739429593086,-1.43580830097,1484.70788574
0.203032642603,0.711104631424,-1.4725587368,1484.73657227
0.205453664064,0.69224023819,-1.49865996838,1484.77954102
0.207271426916,0.673511981964,-1.52536988258,1484.80505371
0.208147957921,0.654369771481,-1.55006897449,1484.83093262
0.208984076977,0.635158360004,-1.57590031624,1484.85534668
0.208965778351,0.616066336632,-1.59872877598,1484.87939453
0.208631530404,0.596753239632,-1.62255334854,1484.90527344
0.207946389914,0.577512383461,-1.64808130264,1484.92883301
0.206848680973,0.558325052261,-1.67423677444,1484.95239258
0.205011442304,0.539396226406,-1.70026683807,1484.97668457
0.200194433331,0.501622676849,-1.75032579899,1485.00769043
0.195357054472,0.473519921303,-1.78861188889,1485.05969238
0.189154461026,0.445858448744,-1.8254057169,1485.09179688
0.184680849314,0.427549034357,-1.85083806515,1485.13427734
0.17639541626,0.400531500578,-1.88740897179,1485.16027832
0.170887842774,0.382640630007,-1.91160774231,1485.18762207
0.165549755096,0.364880025387,-1.93730151653,1485.21374512
0.159569144249,0.346973180771,-1.9627726078,1485.23327637
0.152731433511,0.329736202955,-1.98782467842,1485.26623535
0.145357251167,0.312302619219,-2.01375460625,1485.2935791
0.133026078343,0.287076443434,-2.04870414734,1485.32263184
0.12882438302,0.278625279665,-2.06091213226,1485.34338379
0.120349392295,0.261765897274,-2.08618998528,1485.36791992
0.111323721707,0.245153993368,-2.11026740074,1485.39221191
0.101872578263,0.228774741292,-2.13313937187,1485.41491699
0.0914950966835,0.212600901723,-2.1555917263,1485.43969727
0.0807775110006,0.196586892009,-2.17937517166,1485.46960449
0.0699178501964,0.180936396122,-2.20365190506,1485.49267578
0.0586055330932,0.165464818478,-2.22742891312,1485.51281738
0.0470439381897,0.149990767241,-2.25172710419,1485.53979492
0.0351274199784,0.134831815958,-2.27658462524,1485.56958008
0.0228018127382,0.120050609112,-2.30074596405,1485.59326172
0.0103695839643,0.105484209955,-2.32636547089,1485.61694336
-0.00265860906802,0.0914494693279,-2.35036659241,1485.64050293
-0.0161369759589,0.0773939937353,-2.3757185936,1485.67236328
-0.0296772792935,0.063745111227,-2.40062260628,1485.69470215
-0.0436790622771,0.0505412332714,-2.42550182343,1485.71801758
-0.065187714994,0.0313730500638,-2.46244430542,1485.74975586
-0.0723223313689,0.0251182131469,-2.47547245026,1485.7713623
-0.0871784538031,0.012542928569,-2.50051116943,1485.79443359
-0.102654725313,0.000965991639532,-2.52516222,1485.81469727
-0.118491396308,-0.0100492890924,-2.54979634285,1485.8371582
-0.134697109461,-0.0206998642534,-2.5732562542,1485.86291504
-0.142654940486,-0.0262531004846,-2.58543038368,1485.88317871
-0.158748418093,-0.0367397740483,-2.60995030403,1485.9041748
-0.175812020898,-0.0463147573173,-2.63317370415,1485.92858887
-0.192687600851,-0.0561287328601,-2.65895915031,1485.95202637
-0.210020676255,-0.0650936514139,-2.68309593201,1485.97314453
-0.218670934439,-0.069494754076,-2.69506192207,1485.9967041
-0.236121669412,-0.0780785679817,-2.72015833855,1486.01660156
-0.254303216934,-0.086175955832,-2.74332952499,1486.03686523
-0.272449344397,-0.0937378630042,-2.765417099,1486.06518555
-0.290670126677,-0.101130418479,-2.78994464874,1486.09033203
-0.309000611305,-0.108069971204,-2.81459474564,1486.1151123
-0.318300873041,-0.111431524158,-2.82727217674,1486.13464355
-0.346316576004,-0.12045276165,-2.8648686409,1486.15734863
-0.365242421627,-0.125897198915,-2.88994121552,1486.18713379
-0.384396165609,-0.131106331944,-2.91499137878,1486.21154785
-0.403385490179,-0.135723203421,-2.93860411644,1486.23571777
-0.42279908061,-0.139670401812,-2.9630753994,1486.25708008
-0.442164242268,-0.143445760012,-2.98831939697,1486.29248047
-0.461680501699,-0.146551668644,-3.01338267326,1486.31262207
-0.480939149857,-0.149745285511,-3.04016304016,1486.34057617
-0.500615358353,-0.152378425002,-3.06615567207,1486.36499023
-0.520078003407,-0.154260620475,-3.09079766273,1486.3894043
-0.539696156979,-0.155629396439,-3.11446738243,1486.41516113
-0.559407711029,-0.156131237745,-3.13790559769,1486.43713379
-0.578893303871,-0.15702021122,3.11915254593,1486.46057129
-0.598193347454,-0.156679540873,3.09411621094,1486.48950195
-0.617849349976,-0.15560439229,3.07006382942,1486.51611328
-0.637276232243,-0.153686285019,3.04807543755,1486.53857422
-0.657067239285,-0.152334362268,3.02327728271,1486.56323242
-0.676747143269,-0.150421112776,2.9979596138,1486.5958252
-0.706001400948,-0.146421462297,2.96093392372,1486.62304688
-0.715726077557,-0.14476595819,2.94850873947,1486.64465332
-0.735395491123,-0.141272231936,2.924036026,1486.66467285
-0.764745235443,-0.134894534945,2.88706612587,1486.69897461
-0.784330248833,-0.129896938801,2.8617079258,1486.7253418
-0.803653895855,-0.124654717743,2.83708834648,1486.74926758
-0.823042988777,-0.118726797402,2.81238770485,1486.77233887
-0.832929491997,-0.115724392235,2.80003476143,1486.79748535
-0.852022409439,-0.109237760305,2.77733469009,1486.82128906
-0.87092423439,-0.102636575699,2.75329685211,1486.84460449
-0.889604985714,-0.0954785495996,2.72914242744,1486.86828613
-0.917841076851,-0.0834793150425,2.69147014618,1486.8984375
-0.92707413435,-0.0791603624821,2.67953419685,1486.92004395
-0.945128321648,-0.0707266777754,2.65406179428,1486.94116211
-0.962852656841,-0.0614189058542,2.63022041321,1486.96166992
-0.971711158752,-0.0563404150307,2.61448407173,1486.98461914
-0.989500403404,-0.0466258786619,2.59031009674,1487.0057373
-1.00685691833,-0.0362164489925,2.56451511383,1487.02844238
-1.02432131767,-0.025698646903,2.53743505478,1487.05224609
-1.04139494896,-0.0150386719033,2.51024150848,1487.07568359
-1.05746734142,-0.00321008823812,2.48429489136,1487.10388184
-1.07352924347,0.00938869267702,2.45925998688,1487.12646484
-1.08950746059,0.0219874139875,2.43145442009,1487.15087891
-1.10529720783,0.0345836319029,2.40560436249,1487.17565918
-1.12045288086,0.0480436980724,2.37971639633,1487.20581055
-1.13531625271,0.0623603872955,2.35430121422,1487.2277832
-1.14950346947,0.0770134851336,2.32945632935,1487.24865723
-1.15665888786,0.0842000320554,2.31615138054,1487.27246094
-1.1706635952,0.0994638353586,2.28842425346,1487.29650879
-1.18439018726,0.114475488663,2.26282095909,1487.31689453
-1.19727897644,0.130182519555,2.23788762093,1487.3404541
-1.20976734161,0.146569684148,2.21358776093,1487.36547852
-1.22233664989,0.162999853492,2.18691492081,1487.3873291
-1.23425853252,0.179477095604,2.15855646133,1487.41235352
-1.2398557663,0.1877104491,2.14724326134,1487.4342041
-1.25114369392,0.205045416951,2.1228685379,1487.45947266
-1.2665605545,0.231692492962,2.0853304863,1487.48425293
-1.27649843693,0.249050304294,2.06153321266,1487.5168457
-1.28643286228,0.267173320055,2.03483486176,1487.5411377
-1.30032205582,0.294072121382,1.99582839012,1487.56848145
-1.30483174324,0.303242504597,1.98283147812,1487.59265137
-1.31304097176,0.322234988213,1.95767128468,1487.61474609
-1.32088339329,0.340900838375,1.93258559704,1487.63916016
-1.32797312737,0.35998660326,1.90879666805,1487.66357422
-1.33546495438,0.379001706839,1.88209044933,1487.68762207
-1.34178066254,0.398726433516,1.85964155197,1487.72143555
-1.34761023521,0.418382912874,1.83596003056,1487.74414062
-1.3530369997,0.438387274742,1.81036603451,1487.76916504
-1.36006188393,0.468468308449,1.77018547058,1487.79223633
-1.36426830292,0.488763779402,1.74398446083,1487.82348633
-1.36800253391,0.508858144283,1.7189347744,1487.84838867
-1.36980938911,0.519188821316,1.70441937447,1487.87231445
-1.3736730814,0.549743771553,1.66537439823,1487.89660645
-1.37461805344,0.559941291809,1.65328013897,1487.92236328
-1.37645936012,0.580750465393,1.62542843819,1487.94396973
-1.37787914276,0.601194500923,1.60004222393,1487.96520996
-1.37908434868,0.621982812881,1.57333767414,1487.98547363
-1.37963807583,0.632308244705,1.55985569954,1488.0090332
-1.37980782986,0.652866840363,1.53428065777,1488.02893066
-1.37955141068,0.673432230949,1.50766503811,1488.0526123
-1.37851214409,0.693695545197,1.480681777,1488.07995605
-1.37679970264,0.714723408222,1.45397937298,1488.10498047
-1.37443089485,0.734858751297,1.42813181877,1488.12902832
-1.37131869793,0.755110383034,1.40275895596,1488.15258789
-1.36815953255,0.775123536587,1.37711012363,1488.1776123
-1.36398017406,0.795612692833,1.35328555107,1488.20043945
-1.359562397,0.815818488598,1.32691371441,1488.22399902
-1.3571805954,0.825573503971,1.31483054161,1488.24658203
-1.3519474268,0.845701396465,1.28879272938,1488.27087402
-1.34339380264,0.875163912773,1.25203323364,1488.2956543
-1.33432507515,0.904725253582,1.21224439144,1488.34729004
-1.32707166672,0.924079954624,1.18867862225,1488.36743164
-1.31981086731,0.943305492401,1.16175198555,1488.39147949
-1.31229758263,0.962225675583,1.13498079777,1488.41674805
-1.30333185196,0.980759382248,1.11030602455,1488.44091797
-1.29408919811,0.999324440956,1.08567357063,1488.46459961
-1.28480052948,1.01735842228,1.06052076817,1488.48864746
-1.27505028248,1.03556776047,1.03544771671,1488.51196289
-1.26482772827,1.05343699455,1.0096206665,1488.54211426
-1.25406301022,1.07124328613,0.985117077827,1488.56542969
-1.24300682545,1.08809435368,0.958652436733,1488.58581543
-1.23713803291,1.09650444984,0.946681022644,1488.60571289
-1.22528088093,1.11330854893,0.921635448933,1488.62890625
-1.21333813667,1.12943458557,0.895218551159,1488.65258789
-1.20098888874,1.14563786983,0.869183719158,1488.67675781
-1.18816196918,1.16149783134,0.84325492382,1488.70080566
-1.17513430119,1.17644202709,0.817155957222,1488.72216797
-1.16151916981,1.19172167778,0.790245831013,1488.75622559
-1.14746940136,1.2060765028,0.765084147453,1488.77978516
-1.13305675983,1.22025489807,0.739172637463,1488.80371094
-1.11847376823,1.23424351215,0.713868975639,1488.82775879
-1.10345375538,1.24740231037,0.688431024551,1488.85253906
-1.0878623724,1.26024258137,0.662476539612,1488.87646484
-1.07205164433,1.27256250381,0.636952280998,1488.90063477
-1.05593824387,1.28429448605,0.61194974184,1488.92504883
-1.03957331181,1.29608821869,0.583981335163,1488.94873047
-1.03133010864,1.30183911324,0.571711182594,1488.97229004
-1.01374924183,1.31294941902,0.547362804413,1488.9954834
-0.996960401535,1.32370328903,0.522359311581,1489.01611328
-0.979575991631,1.33391523361,0.496806114912,1489.03637695
-0.970858216286,1.33919262886,0.484011083841,1489.05993652
-0.952976942062,1.34843683243,0.458727061749,1489.08459473
-0.934879541397,1.35744714737,0.433515250683,1489.10888672
-0.916701436043,1.36633169651,0.408433735371,1489.13244629
-0.897931516171,1.37441205978,0.383531659842,1489.15612793
-0.879113316536,1.38178992271,0.358597189188,1489.18066406
-0.860202908516,1.38867199421,0.335696309805,1489.20446777
-0.840792238712,1.39552438259,0.311211615801,1489.22851562
-0.821234881878,1.40225207806,0.284931898117,1489.25610352
-0.801813960075,1.40800750256,0.259171456099,1489.28015137
-0.78230959177,1.41357803345,0.234234184027,1489.30432129
-0.762303888798,1.41855716705,0.210955992341,1489.33081055
-0.742637336254,1.42318129539,0.186577171087,1489.35925293
-0.722782552242,1.42763352394,0.160127773881,1489.38317871
-0.692698180676,1.43303239346,0.119123861194,1489.40783691
-0.672321379185,1.43531060219,0.0947784855962,1489.43591309
-0.65201407671,1.43751347065,0.0696013122797,1489.46228027
-0.641859531403,1.43893194199,0.0554795376956,1489.48510742
-0.621322333813,1.4406414032,0.0298772007227,1489.50817871
-0.590823173523,1.44153118134,-0.00756603293121,1489.53161621
-0.57038885355,1.4413343668,-0.0317921973765,1489.5637207
-0.54998254776,1.44132363796,-0.0599074214697,1489.58764648
-0.529808998108,1.44038760662,-0.0837942510843,1489.6126709
-0.519317448139,1.43998706341,-0.0971858799458,1489.6328125
-0.488648444414,1.43728470802,-0.134747564793,1489.66162109
-0.478615373373,1.43603551388,-0.147432878613,1489.68225098
-0.458523482084,1.43324303627,-0.172775894403,1489.70227051
-0.438350766897,1.4300403595,-0.198509737849,1489.72290039
-0.428469777107,1.427952528,-0.210237130523,1489.74304199
-0.398128181696,1.42254507542,-0.252505540848,1489.7701416
-0.388331055641,1.42014586926,-0.26477098465,1489.79382324
-0.368239969015,1.41477799416,-0.288447678089,1489.81713867
-0.348862111568,1.40896081924,-0.31391659379,1489.84118652
-0.329451560974,1.40305507183,-0.340162366629,1489.87023926
-0.300676822662,1.39289009571,-0.379023015499,1489.90612793
-0.281554102898,1.38557553291,-0.405675768852,1489.92895508
-0.262834489346,1.37737846375,-0.429245561361,1489.95251465
-0.244356289506,1.36947858334,-0.456239521503,1489.97253418
-0.235257133842,1.36496341228,-0.468092471361,1489.99523926
-0.217122554779,1.35585725307,-0.493483155966,1490.02001953
-0.190129116178,1.34174668789,-0.533213376999,1490.04772949
-0.181376159191,1.33689880371,-0.546780049801,1490.06994629
-0.163986489177,1.32639253139,-0.571595013142,1490.09289551
-0.146804913878,1.31580424309,-0.597050249577,1490.11914062
-0.130199000239,1.30429434776,-0.621238052845,1490.14331055
-0.113413065672,1.29258358479,-0.646314203739,1490.16394043
-0.0970186591148,1.28030288219,-0.671816945076,1490.19055176
-0.0809249952435,1.26791906357,-0.697788059711,1490.21118164
-0.07304880023,1.26153230667,-0.712639629841,1490.23461914
-0.0578052476048,1.24840819836,-0.73555803299,1490.25439453
-0.0424700044096,1.23474490643,-0.763346135616,1490.27990723
-0.0276017170399,1.22085595131,-0.786914229393,1490.30334473
-0.0129349268973,1.20679318905,-0.811987936497,1490.32727051
0.0011696688598,1.19235813618,-0.837228536606,1490.35095215
0.0145361488685,1.17726588249,-0.861654043198,1490.38330078
0.0278090052307,1.16237175465,-0.886618196964,1490.40820312
0.040937948972,1.14698004723,-0.914236426353,1490.43237305
0.0536885485053,1.13132572174,-0.939520835876,1490.45629883
0.0658063665032,1.11513864994,-0.962881028652,1490.48303223
0.0769290924072,1.09853303432,-0.987009227276,1490.50769043
0.0880210697651,1.08159983158,-1.01125729084,1490.53210449
0.0985337719321,1.06481122971,-1.03603303432,1490.5559082
0.113906726241,1.03849840164,-1.07496643066,1490.5880127
0.123938769102,1.02084708214,-1.09869360924,1490.61132812
0.12858851254,1.011931777,-1.11131894588,1490.63134766
0.13782864809,0.993691682816,-1.13721311092,1490.65588379
0.146283432841,0.97537791729,-1.16154074669,1490.68005371
0.154375612736,0.95675599575,-1.18705928326,1490.70410156
0.162608116865,0.938525021076,-1.21427297592,1490.72949219
0.169930666685,0.919838964939,-1.2390768528,1490.75024414
0.17718142271,0.900913000107,-1.26490950584,1490.77270508
0.183354258537,0.881901502609,-1.28904008865,1490.79785156
0.186368063092,0.872706055641,-1.30280864239,1490.82214355
0.191566184163,0.853759407997,-1.32712006569,1490.84558105
0.196660608053,0.834721505642,-1.35439419746,1490.86987305
0.200927183032,0.815196633339,-1.37850761414,1490.89404297
0.205056086183,0.795938253403,-1.40292012691,1490.91809082
0.208821803331,0.776791751385,-1.4271531105,1490.94128418
0.212703868747,0.74779099226,-1.46192145348,1490.96984863
0.215520441532,0.718815326691,-1.49532163143,1491.01220703
0.216692522168,0.709256708622,-1.50882613659,1491.03198242
0.219435125589,0.68021607399,-1.54889118671,1491.06164551
0.220270082355,0.661229789257,-1.57332921028,1491.08569336
0.220113068819,0.641507744789,-1.5979719162,1491.109375
0.219887986779,0.631866753101,-1.61057388783,1491.13537598
0.220702409744,0.601641535759,-1.65347385406,1491.1595459
0.217438340187,0.583394050598,-1.66761624813,1491.18493652
0.215956345201,0.563902854919,-1.69154119492,1491.21484375
0.213456377387,0.544431746006,-1.71638846397,1491.23522949
0.212231963873,0.534868299961,-1.72888875008,1491.25927734
0.209434404969,0.515526115894,-1.7533428669,1491.28222656
0.206391200423,0.496234118938,-1.77871859074,1491.30615234
0.20244038105,0.477349370718,-1.80236887932,1491.33007812
0.198297351599,0.458493888378,-1.82781374454,1491.35656738
0.193587824702,0.439888477325,-1.85247862339,1491.3807373
0.188472419977,0.421567350626,-1.87728846073,1491.40869141
0.179764673114,0.394424259663,-1.913875103,1491.43273926
0.176789909601,0.385364949703,-1.92605865002,1491.45910645
0.170541152358,0.367531746626,-1.94931566715,1491.47912598
0.164429455996,0.349657833576,-1.97421360016,1491.50891113
0.157483145595,0.33196336031,-1.99852287769,1491.52893066
0.149825140834,0.314460217953,-2.02407836914,1491.5489502
0.145721778274,0.305940449238,-2.03470945358,1491.57067871
0.13710527122,0.288807749748,-2.05790615082,1491.59106445
0.128119960427,0.271548002958,-2.08045601845,1491.6114502
0.123492777348,0.263136208057,-2.09215354919,1491.63134766
0.114440187812,0.246077954769,-2.11658096313,1491.65197754
0.104707799852,0.229736953974,-2.14013791084,1491.67590332
0.0996020063758,0.221542581916,-2.15265727043,1491.6965332
0.0886664539576,0.205386668444,-2.17598152161,1491.71765137
0.0774983838201,0.189876526594,-2.20005893707,1491.73779297
0.0660444796085,0.174111649394,-2.22362184525,1491.76049805
0.0546281114221,0.158601596951,-2.24835395813,1491.78417969
0.0428649559617,0.143155887723,-2.27303028107,1491.81896973
0.0240997914225,0.120796553791,-2.30985665321,1491.84362793
0.0111988103017,0.106358408928,-2.33605146408,1491.87451172
-0.0021628937684,0.0921817198396,-2.35921955109,1491.89782715
-0.00888122804463,0.0851129963994,-2.3723013401,1491.92224121
-0.0224592164159,0.0712688565254,-2.39864587784,1491.94604492
-0.0364847667515,0.0580011941493,-2.42214179039,1491.96984863
-0.0510928668082,0.0451012142003,-2.44727635384,1491.99389648
-0.0728163123131,0.0260878130794,-2.48529982567,1492.0222168
-0.087944984436,0.0139133054763,-2.51094794273,1492.04992676
-0.103511959314,0.00256364559755,-2.53590321541,1492.07336426
-0.119646713138,-0.0084825893864,-2.56066942215,1492.09667969
-0.135861992836,-0.01918550767,-2.58482551575,1492.12304688
-0.152150213718,-0.0300596412271,-2.60913681984,1492.14794922
-0.160236433148,-0.0351484492421,-2.62134432793,1492.17248535
-0.186030074954,-0.0493055582047,-2.65616774559,1492.19616699
-0.203363418579,-0.0587023198605,-2.68197703362,1492.22302246
-0.212122887373,-0.0630552023649,-2.6943500042,1492.24658203
-0.23869048059,-0.0759764537215,-2.73261857033,1492.27148438
-0.265870273113,-0.0874417647719,-2.76770758629,1492.29748535
-0.29333165288,-0.0982548221946,-2.80402612686,1492.34106445
-0.330695867538,-0.111096985638,-2.85272622108,1492.3770752
-0.368615865707,-0.121987856925,-2.90188574791,1492.43920898
-0.397405147552,-0.129647135735,-2.94003772736,1492.47692871
-0.426664590836,-0.135697692633,-2.97641611099,1492.51123047
-0.455928772688,-0.140678271651,-3.01522493362,1492.55639648
-0.495129793882,-0.145852401853,-3.0655798912,1492.5925293
-0.534282386303,-0.149046763778,-3.11501312256,1492.65100098
-0.583408236504,-0.150075554848,3.10658431053,1492.68774414
-0.612821280956,-0.149287521839,3.06901836395,1492.7512207
-0.651945829391,-0.146000236273,3.02050232887,1492.79577637
-0.681696712971,-0.143071293831,2.98384785652,1492.84851074
-0.7206838727,-0.13674852252,2.93458509445,1492.88354492
-0.749844133854,-0.130361139774,2.89764094353,1492.9263916
-0.789331078529,-0.120358429849,2.85021352768,1492.97375488
-0.82815694809,-0.108881369233,2.80257868767,1493.01550293
-0.847340226173,-0.10268510133,2.77761363983,1493.06726074
-0.866326093674,-0.0958699807525,2.75391674042,1493.0958252
-0.885292828083,-0.0885797068477,2.72912335396,1493.11779785
-0.903896570206,-0.0806874707341,2.70432734489,1493.14807129
-0.922563493252,-0.072523035109,2.67808914185,1493.16821289
-0.940616250038,-0.0643413066864,2.65284490585,1493.18847656
-0.958514928818,-0.0548040270805,2.629758358,1493.2154541
-0.976369142532,-0.0450791604817,2.60322737694,1493.23974609
-0.9939006567,-0.034908529371,2.57722759247,1493.26037598
-1.01137316227,-0.0245118401945,2.55092382431,1493.28759766
-1.02841043472,-0.013845696114,2.52420496941,1493.3104248
-1.04516434669,-0.00259076920338,2.49751257896,1493.33557129
-1.0533233881,0.00324175367132,2.48366856575,1493.359375
-1.09296321869,0.0345818288624,2.41831159592,1493.38012695
-1.10847806931,0.0479809269309,2.39261984825,1493.44091797
-1.13061618805,0.068867534399,2.35380458832,1493.46960449
-1.15913653374,0.0981635674834,2.3019926548,1493.52038574
-1.17282581329,0.112969063222,2.27518630028,1493.55834961
-1.18620896339,0.128802105784,2.25053310394,1493.58239746
-1.19916391373,0.144692450762,2.22587800026,1493.60791016
-1.21133065224,0.160952538252,2.20125460625,1493.63256836
-1.2236123085,0.177460536361,2.17376804352,1493.65905762
-1.23536884785,0.194618239999,2.14587855339,1493.68383789
-1.24633407593,0.211703658104,2.12230873108,1493.70800781
-1.26178479195,0.237934842706,2.08563637733,1493.73205566
-1.27184307575,0.255739629269,2.06041455269,1493.76477051
-1.28157246113,0.273431926966,2.036485672,1493.78918457
-1.28656971455,0.282632321119,2.02143096924,1493.80944824
-1.29539012909,0.300827234983,1.99721729755,1493.82946777
-1.30410206318,0.319572150707,1.97050273418,1493.84997559
-1.31239891052,0.33814239502,1.94473469257,1493.87890625
-1.31978392601,0.357323497534,1.9212641716,1493.90405273
-1.32749521732,0.376276791096,1.89464175701,1493.92773438
-1.33399474621,0.395726144314,1.87121164799,1493.94873047
-1.3376159668,0.405497819185,1.8576130867,1493.97241211
-1.34318745136,0.425600767136,1.83336830139,1493.99645996
-1.34823524952,0.445259004831,1.8093637228,1494.02050781
-1.35280990601,0.465349495411,1.78426778316,1494.04443359
-1.35783946514,0.485525399446,1.75539374352,1494.06860352
-1.36168539524,0.505804598331,1.7307921648,1494.09191895
-1.36482179165,0.52602648735,1.70476508141,1494.11193848
-1.367836833,0.546847164631,1.67704236507,1494.13684082
-1.36991739273,0.567185223103,1.65267431736,1494.16088867
-1.37191581726,0.587815761566,1.6247985363,1494.18505859
-1.37262475491,0.597939014435,1.61126661301,1494.20874023
-1.37397551537,0.618772923946,1.5848941803,1494.23254395
-1.37499701977,0.639836966991,1.55878472328,1494.25646973
-1.37489271164,0.670777261257,1.51852762699,1494.28894043
-1.37430715561,0.691046357155,1.49121069908,1494.31506348
-1.37246191502,0.711946964264,1.46632874012,1494.33972168
-1.37069380283,0.732268214226,1.44048583508,1494.36376953
-1.36772704124,0.752752840519,1.41535544395,1494.38720703
-1.36474347115,0.772773265839,1.38889884949,1494.41210938
-1.36089527607,0.793272852898,1.36441063881,1494.43811035
-1.35638737679,0.813481032848,1.33959448338,1494.46118164
-1.35427427292,0.823519706726,1.32666647434,1494.48498535
-1.34677624702,0.853821396828,1.28713560104,1494.5111084
-1.34126734734,0.873476684093,1.26235020161,1494.53613281
-1.33538520336,0.893331229687,1.23706960678,1494.56030273
-1.33247113228,0.903328061104,1.22262382507,1494.58459473
-1.32523477077,0.922716915607,1.19996738434,1494.60803223
-1.31815373898,0.942000865936,1.1732571125,1494.6307373
-1.31054782867,0.960909366608,1.14765095711,1494.65734863
-1.30203127861,0.979724943638,1.12233960629,1494.67785645
-1.2930907011,0.998489797115,1.09690010548,1494.70214844
-1.28389203548,1.01663506031,1.07178115845,1494.73144531
-1.27422237396,1.03501951694,1.0463539362,1494.7565918
-1.26423239708,1.05296206474,1.02089202404,1494.78295898
-1.25363135338,1.07085824013,0.99608451128,1494.80737305
-1.24255049229,1.08801412582,0.969082176685,1494.83190918
-1.23119187355,1.10511779785,0.944876432419,1494.85290527
-1.2193864584,1.12203931808,0.918362915516,1494.87304688
-1.21341860294,1.13019979,0.906831204891,1494.89318848
-1.2010743618,1.14631688595,0.881383538246,1494.91333008
-1.18834519386,1.16225934029,0.855277001858,1494.93640137
-1.17541706562,1.17764163017,0.82930123806,1494.9609375
-1.16202735901,1.19302821159,0.801278173923,1494.98547363
-1.15523338318,1.20030045509,0.788468182087,1495.0098877
-1.13370370865,1.22176027298,0.749494016171,1495.03527832
-1.11914098263,1.23578977585,0.724541783333,1495.06018066
-1.10419619083,1.24936103821,0.697058498859,1495.09179688
-1.08876955509,1.26246345043,0.671148300171,1495.11547852
-1.07281780243,1.27486014366,0.646427094936,1495.14453125
-1.04877412319,1.29295110703,0.607238471508,1495.16967773
-1.03237879276,1.30469453335,0.580150187016,1495.19897461
-1.01503133774,1.31602549553,0.556489765644,1495.22558594
-0.998343288898,1.32706105709,0.530159294605,1495.25756836
-0.980889499187,1.33704102039,0.505333125591,1495.28222656
-0.963330388069,1.34738206863,0.47972792387,1495.30822754
-0.945214092731,1.35669600964,0.454736709595,1495.33288574
-0.918260216713,1.37047386169,0.415064334869,1495.36376953
-0.899420380592,1.378693223,0.391189187765,1495.38830566
-0.880368590355,1.3862426281,0.368840456009,1495.41247559
-0.861287474632,1.39346849918,0.344049185514,1495.43652344
-0.851633250713,1.39691591263,0.332648426294,1495.45678711
-0.832390606403,1.40432262421,0.305096000433,1495.47961426
-0.812951922417,1.40993666649,0.281737595797,1495.50524902
-0.793510377407,1.41604340076,0.256043642759,1495.52954102
-0.773778438568,1.42154276371,0.230189219117,1495.55297852
-0.75398850441,1.42644309998,0.205472260714,1495.58300781
-0.724257051945,1.43328523636,0.167831465602,1495.61132812
-0.70421653986,1.4370238781,0.143177032471,1495.63574219
-0.684033632278,1.44054985046,0.115820094943,1495.6607666
-0.673854291439,1.44193911552,0.102886453271,1495.68493652
-0.653407037258,1.44447958469,0.0773929953575,1495.70483398
-0.633242607117,1.44628405571,0.0520340017974,1495.72644043
-0.612526297569,1.44771075249,0.0281540639699,1495.74719238
-0.591988801956,1.4484821558,0.00261253048666,1495.77392578
-0.571702122688,1.44897806644,-0.0241746436805,1495.79711914
-0.561451673508,1.44869446754,-0.0367902703583,1495.82165527
-0.541323781013,1.44824254513,-0.0621735006571,1495.84399414
-0.510106563568,1.44674861431,-0.100936956704,1495.87353516
-0.500032365322,1.44576692581,-0.112625084817,1495.8972168
-0.479688197374,1.4438804388,-0.137122705579,1495.91809082
-0.459352314472,1.44167685509,-0.162158831954,1495.9387207
-0.44932410121,1.44015741348,-0.174661174417,1495.95910645
-0.418933928013,1.43512988091,-0.212895467877,1495.98303223
-0.398973554373,1.43089091778,-0.238975703716,1496.015625
-0.368816167116,1.42419409752,-0.277666777372,1496.03967285
-0.34922388196,1.4188863039,-0.304031819105,1496.07385254
-0.329869687557,1.4124764204,-0.328329384327,1496.09863281
-0.310414344072,1.40591025352,-0.355360686779,1496.12512207
-0.291195720434,1.39897012711,-0.381668180227,1496.15148926
-0.272044926882,1.3915708065,-0.406828701496,1496.17651367
-0.25350022316,1.38384723663,-0.432251572609,1496.20263672
-0.235068142414,1.37553942204,-0.458247989416,1496.22595215
-0.22560480237,1.37136495113,-0.471726030111,1496.24609375
-0.207174390554,1.3621789217,-0.497975856066,1496.27185059
-0.180660098791,1.34813570976,-0.536333143711,1496.29638672
-0.16298918426,1.33802258968,-0.560989677906,1496.33190918
-0.137074485421,1.32167124748,-0.597974598408,1496.35620117
-0.120229586959,1.31027114391,-0.623361825943,1496.38623047
-0.103829547763,1.29837107658,-0.648222923279,1496.40966797
-0.0874757841229,1.28620946407,-0.674110174179,1496.43652344
-0.0715942382812,1.27362024784,-0.700774669647,1496.46081543
-0.0638051405549,1.26694607735,-0.713157594204,1496.48474121
-0.0482318848372,1.25380694866,-0.738297343254,1496.50854492
-0.0332035571337,1.24015974998,-0.761782228947,1496.5333252
-0.0183578580618,1.22608006001,-0.785387635231,1496.55358887
-0.00329715944827,1.2119474411,-0.810321033001,1496.57580566
0.0111954743043,1.1974953413,-0.836315274239,1496.5958252
0.0250356532633,1.18283855915,-0.863524854183,1496.62585449
0.031511425972,1.17515349388,-0.87520378828,1496.64587402
0.0443496704102,1.15966272354,-0.900231480598,1496.66711426
0.0573459602892,1.14438688755,-0.92745000124,1496.69152832
0.069840118289,1.12825798988,-0.95032286644,1496.71606445
0.0814164429903,1.11170578003,-0.974204778671,1496.73913574
0.0926595553756,1.09471344948,-0.998698353767,1496.76220703
0.103473052382,1.07787811756,-1.0229600668,1496.78930664
0.113913565874,1.0608227253,-1.04772102833,1496.81408691
0.124349221587,1.04293382168,-1.07229876518,1496.83947754
0.134548172355,1.02522563934,-1.09882497787,1496.86437988
0.144091054797,1.00722014904,-1.12364065647,1496.88928223
0.153349861503,0.988807916641,-1.14924693108,1496.91430664
0.161616384983,0.970746934414,-1.17523419857,1496.93786621
0.169644832611,0.951533317566,-1.20096874237,1496.96191406
0.177314177155,0.932835280895,-1.22720086575,1496.98510742
0.184675499797,0.914162814617,-1.25323569775,1497.00683594
0.19115254283,0.895254313946,-1.27773272991,1497.04223633
0.197178453207,0.876102626324,-1.30178499222,1497.06518555
0.202374830842,0.857451200485,-1.32769823074,1497.08825684
0.207604244351,0.837815105915,-1.35241103172,1497.11230469
0.212064653635,0.818115651608,-1.37793004513,1497.1418457
0.215968102217,0.79893553257,-1.40225470066,1497.16540527
0.219807013869,0.779467940331,-1.42625451088,1497.18920898
0.222987085581,0.759992957115,-1.45182538033,1497.21362305
0.225058585405,0.740640282631,-1.47494125366,1497.23840332
0.226213216782,0.730906963348,-1.48776352406,1497.25927734
0.228076577187,0.711382567883,-1.51198029518,1497.28344727
0.23028832674,0.682173550129,-1.54876708984,1497.31445312
0.230786919594,0.662669181824,-1.57210612297,1497.3470459
0.230883672833,0.643365859985,-1.59698200226,1497.37023926
0.230309784412,0.623787283897,-1.61964654922,1497.39416504
0.229075029492,0.594211399555,-1.65613555908,1497.42321777
0.227669775486,0.57462978363,-1.6797491312,1497.45739746
0.225885376334,0.555467963219,-1.70359170437,1497.48071289
0.223377451301,0.535887479782,-1.72749018669,1497.50378418
0.220523923635,0.516459703445,-1.75316143036,1497.52844238
0.217292696238,0.497204661369,-1.77725183964,1497.5526123
0.213516622782,0.478160202503,-1.80168795586,1497.57312012
0.211447566748,0.468675911427,-1.81420552731,1497.59692383
0.202165409923,0.431171476841,-1.8634108305,1497.62023926
0.196845114231,0.41274535656,-1.88798177242,1497.66113281
0.193939089775,0.403822541237,-1.89971089363,1497.68286133
0.188088536263,0.385456174612,-1.92524278164,1497.70349121
0.182112783194,0.367446929216,-1.94945776463,1497.72827148
0.175541564822,0.349569201469,-1.97378945351,1497.75744629
0.168200686574,0.331815928221,-1.99577248096,1497.78100586
0.156634747982,0.305479228497,-2.0327398777,1497.81079102
0.147949665785,0.288448363543,-2.05477428436,1497.83666992
0.138978019357,0.271454900503,-2.07874441147,1497.86437988
0.125108286738,0.246341437101,-2.11511778831,1497.89611816
0.110507249832,0.221409663558,-2.15092873573,1497.92724609
0.0996646359563,0.205075457692,-2.17411136627,1497.96594238
0.0887297764421,0.189308837056,-2.19804430008,1497.99072266
0.0774641558528,0.173471331596,-2.22335362434,1498.01098633
0.0658624842763,0.157853007317,-2.24708271027,1498.03271484
0.0597444213927,0.15024240315,-2.25907969475,1498.05664062
0.0476606152952,0.134803473949,-2.28363251686,1498.08349609
0.0350169837475,0.119919158518,-2.30824160576,1498.10778809
0.0222797319293,0.105226904154,-2.33452272415,1498.12902832
0.00887589529157,0.0910685658455,-2.35819959641,1498.15283203
-0.00481724413112,0.0771272182465,-2.38164043427,1498.17919922
-0.018942989409,0.0636742040515,-2.40641355515,1498.20373535
-0.0330249555409,0.0504221245646,-2.4325671196,1498.22827148
-0.0475011728704,0.0373437702656,-2.4570043087,1498.25244141
-0.0620338022709,0.0244753882289,-2.48290657997,1498.27648926
-0.0773250311613,0.0119855925441,-2.50828146935,1498.30041504
-0.0931074842811,0.000420997501351,-2.53236508369,1498.32543945
-0.109245173633,-0.0104659227654,-2.55670166016,1498.35302734
-0.125491842628,-0.0216368250549,-2.5821788311,1498.37719727
-0.141811847687,-0.0325920023024,-2.60635137558,1498.40039062
-0.158538773656,-0.0428126119077,-2.63089895248,1498.42456055
-0.175938010216,-0.0521665364504,-2.65474224091,1498.44848633
-0.193203553557,-0.0613219477236,-2.67975759506,1498.47729492
-0.210959166288,-0.0701147243381,-2.70386719704,1498.50097656
-0.228637561202,-0.0785885825753,-2.72893643379,1498.5246582
-0.246866956353,-0.0867317393422,-2.75290417671,1498.54858398
-0.256176948547,-0.0903972908854,-2.76372313499,1498.57019043
-0.274349331856,-0.0978578105569,-2.78777623177,1498.5925293
-0.293018460274,-0.104836769402,-2.81244850159,1498.61645508
-0.321337908506,-0.114633575082,-2.84966945648,1498.63952637
-0.340140968561,-0.120639964938,-2.87585949898,1498.67773438
-0.359235078096,-0.126199126244,-2.90123009682,1498.69836426
-0.368779838085,-0.1287240237,-2.91372799873,1498.71850586
-0.407647669315,-0.137494519353,-2.96207165718,1498.74255371
-0.427464753389,-0.141198188066,-2.98663258553,1498.78674316
-0.446992486715,-0.144635096192,-3.01294136047,1498.8112793
-0.466806381941,-0.147137179971,-3.03758406639,1498.83618164
-0.496511340141,-0.150933220983,-3.0769033432,1498.85583496
-0.516197383404,-0.152507290244,-3.10118365288,1498.90222168
-0.536085963249,-0.153660848737,-3.12609624863,1498.9263916
-0.54604101181,-0.153892308474,-3.13784098625,1498.94616699
-0.56570738554,-0.154409885406,3.11942028999,1498.96643066
-0.585500001907,-0.154421269894,3.09352970123,1498.99243164
-0.605001866817,-0.153708025813,3.06816959381,1499.01635742
-0.624886274338,-0.152308881283,3.04509210587,1499.04016113
-0.644687175751,-0.150203034282,3.0211224556,1499.06359863
-0.654289364815,-0.149439737201,3.00835418701,1499.08361816
-0.683993577957,-0.145768001676,2.97318339348,1499.1060791
-0.70372492075,-0.142586559057,2.94860196114,1499.14147949
-0.723365366459,-0.138950422406,2.92398762703,1499.16687012
-0.742579519749,-0.13474470377,2.89889550209,1499.19189453
-0.76246881485,-0.129935368896,2.8745098114,1499.21643066
-0.782191753387,-0.124596372247,2.85087656975,1499.24438477
-0.80184084177,-0.118897050619,2.82592153549,1499.26452637
-0.821215748787,-0.112975895405,2.80165052414,1499.28845215
-0.830969810486,-0.10967348516,2.79008388519,1499.30895996
-0.850184559822,-0.103388525546,2.76546812057,1499.33239746
-0.86918848753,-0.09660628438,2.74053239822,1499.35632324
-0.888023078442,-0.0890794843435,2.71677684784,1499.38049316
-0.906840324402,-0.0808458179235,2.69170832634,1499.40405273
-0.925805568695,-0.0723007395864,2.66477918625,1499.42883301
-0.94343739748,-0.0637422353029,2.64128184319,1499.45251465
-0.961530029774,-0.0539437793195,2.61541700363,1499.47497559
-0.979316174984,-0.0437868461013,2.58861231804,1499.49890137
-0.996890842915,-0.0333241410553,2.56303668022,1499.52246094
-1.00560879707,-0.0279721003026,2.54948687553,1499.54504395
-1.02303385735,-0.0171782709658,2.52220845222,1499.56555176
-1.04017794132,-0.00615015532821,2.49414277077,1499.58557129
-1.0560349226,0.00608660513535,2.46842074394,1499.6105957
-1.06430435181,0.0125871775672,2.45468091965,1499.63049316
-1.08001685143,0.0256317835301,2.42900681496,1499.65563965
-1.09586560726,0.038865827024,2.40256142616,1499.67895508
-1.11146080494,0.0521810762584,2.37651538849,1499.70239258
-1.12627398968,0.0664900317788,2.35089826584,1499.72314453
-1.13343405724,0.073795042932,2.33826327324,1499.74487305
-1.14784610271,0.0886862128973,2.31184458733,1499.76818848
-1.16216039658,0.103831402957,2.28221082687,1499.7878418
-1.17555165291,0.119591116905,2.25867938995,1499.82080078
-1.18874263763,0.135569542646,2.23318243027,1499.84338379
-1.2013720274,0.152590304613,2.21030163765,1499.86340332
-1.21407914162,0.168692901731,2.18158698082,1499.8873291
-1.22586405277,0.185544580221,2.15523862839,1499.91101074
-1.23181343079,0.194286078215,2.14210772514,1499.93164062
-1.24273812771,0.21167768538,2.11741542816,1499.95568848
-1.2530194521,0.229841917753,2.09198069572,1499.98034668
-1.26331853867,0.247481375933,2.06870746613,1500.00158691
-1.27354359627,0.265542775393,2.04109764099,1500.02319336
-1.27826154232,0.274592161179,2.02959561348,1500.04541016
-1.28775012493,0.293041825294,2.00317406654,1500.07080078
-1.2964142561,0.311835467815,1.97889304161,1500.09130859
-1.30492520332,0.330569267273,1.9504711628,1500.11669922
-1.3127592802,0.349709331989,1.92517733574,1500.14038086
-1.32029938698,0.36950173974,1.90042328835,1500.1640625
-1.32734179497,0.388969898224,1.87568485737,1500.18823242
-1.33062398434,0.398663312197,1.86323714256,1500.20959473
-1.33655762672,0.41854518652,1.83850038052,1500.23217773
-1.34199786186,0.438617765903,1.81200027466,1500.2520752
-1.34653639793,0.459158867598,1.78714370728,1500.27905273
-1.35135924816,0.479116529226,1.76071703434,1500.30358887
-1.3554251194,0.499785542488,1.73520433903,1500.32580566
-1.35924458504,0.520429193974,1.70732498169,1500.34973145
-1.36178648472,0.541295588017,1.6807693243,1500.37255859
-1.36415147781,0.561800539494,1.65508294106,1500.39660645
-1.3661403656,0.582735240459,1.62720656395,1500.42773438
-1.36768507957,0.603677213192,1.60118591785,1500.45202637
-1.36900699139,0.624270260334,1.57354140282,1500.47277832
-1.3693614006,0.635336399078,1.5615901947,1500.49328613
-1.36931335926,0.666303932667,1.52113890648,1500.52526855
-1.36827909946,0.686947107315,1.49537551403,1500.54882812
-1.36754858494,0.697406828403,1.48172152042,1500.57189941
-1.36591601372,0.718054294586,1.45424079895,1500.59313965
-1.36319506168,0.738885343075,1.43006742001,1500.61584473
-1.36012279987,0.759235143661,1.40424180031,1500.63574219
-1.35864782333,0.769401967525,1.39043986797,1500.65771484
-1.35523986816,0.789960324764,1.36478078365,1500.68103027
-1.35117506981,0.810426294804,1.33881163597,1500.70471191
-1.34617555141,0.830695450306,1.31475663185,1500.73364258
-1.34132778645,0.851072847843,1.28747260571,1500.75720215
-1.33605325222,0.871207654476,1.26196420193,1500.78063965
-1.32987618446,0.890960276127,1.23661518097,1500.80456543
-1.32321560383,0.91059166193,1.21045732498,1500.8248291
-1.31968951225,0.920302987099,1.19843316078,1500.84533691
-1.3123947382,0.939806640148,1.17163050175,1500.8692627
-1.30451953411,0.95874196291,1.14609348774,1500.89306641
-1.29595041275,0.97777569294,1.1210193634,1500.91650391
-1.28693020344,0.996375918388,1.09597349167,1500.93994141
-1.27752065659,1.01477324963,1.07123816013,1500.95983887
-1.26764512062,1.03329765797,1.0462898016,1500.98901367
-1.25783228874,1.05163264275,1.02024626732,1501.01977539
-1.24751102924,1.06949913502,0.99362719059,1501.04394531
-1.23632502556,1.08690559864,0.969063043594,1501.06884766
-1.22457706928,1.10397207737,0.945065259933,1501.09240723
-1.21304392815,1.12077927589,0.917875289917,1501.11608887
-1.19438290596,1.14525401592,0.88054972887,1501.14709473
-1.18156766891,1.16132473946,0.854271948338,1501.17602539
-1.16840577126,1.17682170868,0.828716158867,1501.19946289
-1.15483999252,1.19224643707,0.802347660065,1501.22375488
-1.14781856537,1.19970691204,0.789345026016,1501.24707031
-1.13354861736,1.21434521675,0.764333128929,1501.26733398
-1.11895227432,1.22868716717,0.739342033863,1501.28747559
-1.10417604446,1.24246048927,0.713320791721,1501.31152344
-1.08875465393,1.25635457039,0.686407744884,1501.33764648
-1.07293093204,1.26901292801,0.662054240704,1501.36047363
-1.05705058575,1.28150773048,0.636354923248,1501.38513184
-1.04095745087,1.29370748997,0.610221683979,1501.40930176
-0.981204688549,1.33308684826,0.521093964577,1501.44299316
-0.963700175285,1.3437308073,0.495869249105,1501.53405762
-0.945564985275,1.35351455212,0.471167653799,1501.55712891
-0.9273827672,1.36306214333,0.44608861208,1501.57946777
-0.908917605877,1.37223136425,0.42157933116,1501.60290527
-0.890010535717,1.38009154797,0.398406744003,1501.62255859
-0.87102919817,1.38807570934,0.374974906445,1501.64758301
-0.851848900318,1.3954359293,0.350064277649,1501.67565918
-0.832463443279,1.40325021744,0.321660190821,1501.70910645
-0.812906980515,1.40934181213,0.299312144518,1501.73278809
-0.793209314346,1.41596400738,0.274128168821,1501.7557373
-0.773619294167,1.42193877697,0.248646810651,1501.77575684
-0.753530144691,1.42720842361,0.224126547575,1501.79931641
-0.733446419239,1.43214225769,0.200781822205,1501.83007812
-0.713461637497,1.43695223331,0.174261927605,1501.85473633
-0.69293397665,1.44094955921,0.147918522358,1501.87878418
-0.672861039639,1.44428360462,0.122126705945,1501.90661621
-0.652379095554,1.4470448494,0.0967687442899,1501.92700195
-0.631908893585,1.44934415817,0.0720818564296,1501.95397949
-0.611236572266,1.45117199421,0.0473932400346,1501.97717285
-0.590282857418,1.45222508907,0.0236975736916,1502.0045166
-0.569775283337,1.45312356949,-0.00229639979079,1502.02453613
-0.548896074295,1.45305609703,-0.0268388297409,1502.04980469
-0.528180539608,1.45363247395,-0.0564556121826,1502.07458496
-0.507503330708,1.45238029957,-0.078994333744,1502.09790039
-0.496936947107,1.45183944702,-0.093038842082,1502.12182617
-0.476459026337,1.45015120506,-0.118173584342,1502.14135742
-0.455677986145,1.44780623913,-0.144002079964,1502.16186523
-0.435492575169,1.4453701973,-0.168744489551,1502.19226074
-0.414904177189,1.44224202633,-0.19492764771,1502.21630859
-0.394773602486,1.43853127956,-0.219986483455,1502.23681641
-0.374112576246,1.434212327,-0.244142830372,1502.26000977
-0.364174604416,1.43183243275,-0.256270140409,1502.28430176
-0.344106584787,1.42675352097,-0.281077563763,1502.3079834
-0.314422130585,1.41816675663,-0.32004788518,1502.33459473
-0.304622739553,1.41494262218,-0.33262655139,1502.35888672
-0.274591177702,1.4047318697,-0.36974298954,1502.38525391
-0.255288660526,1.39776039124,-0.398388803005,1502.41577148
